4.75607
2.82636
6.36858
2.84962
5.06654
6.48967
5.06721
3.94673
5.92506
5.4014
9.24935
5.74344
7.04193
6.56682
4.74432
4.32637
3.62569
7.61684
3.12832
-0.344732
3.45452
3.95687
0.969424
5.10074
3.21075
4.97367
4.63064
3.64109
4.85252
6.71649
5.75382
3.50146
7.80461
6.6118
4.32954
6.34514
7.42305
5.09296
4.42977
7.30174
2.37145
4.73784
4.05808
5.14454
8.34653
4.97951
4.18878
4.36949
3.78608
1.80735
3.02376
6.59428
7.2094
2.34886
3.0565
8.13914
5.31748
4.67619
7.83635
1.01272
6.13591
4.97171
6.0312
2.60491
7.23349
6.11466
2.12856
4.77195
6.88201
4.56232
4.16419
2.90335
4.73031
2.79811
6.49222
4.83511
5.1917
4.86651
5.03769
7.28348
4.6843
7.65538
7.20432
5.90114
5.26522
5.11802
5.25383
1.29513
6.98121
4.54768
6.86014
6.98181
3.51619
5.08527
9.00956
4.75648
6.55163
-0.713146
7.69063
4.47114
4.01064
4.17605
3.83962
8.20621
6.83026
5.98233
2.51757
6.12288
6.10409
4.72573
3.14908
3.02207
3.5914
6.8355
4.23323
7.40688
4.28518
4.32518
4.10112
4.45207
7.39552
6.09481
6.39499
7.64446
1.68957
6.79415
5.14038
2.94415
8.31396
6.43649
5.31539
4.7038
1.26684
6.15318
9.94103
6.60076
1.09474
2.91901
0.732875
2.97867
4.68952
4.46788
7.34807
6.81015
9.07787
4.00007
2.854
5.64845
5.62065
0.749904
4.69132
7.39959
8.14081
4.20938
7.11253
6.62836
5.49399
5.80764
5.01643
4.56095
2.06007
5.45544
7.89116
6.75223
3.3436
2.1588
3.7026
4.37838
4.00791
3.33953
9.49329
0.0105453
5.50821
4.46741
1.38609
6.66489
4.97841
4.01829
5.51174
8.3718
4.6301
4.55205
3.10368
5.57855
4.00983
1.84638
5.48954
5.74744
8.96361
3.84689
5.46508
2.12448
4.47188
2.48685
6.78694
5.99611
3.49053
6.62784
6.51278
6.63333
4.76147
5.09346
6.29635
2.63589
2.38923
3.73991
4.37832
4.38959
5.80783
5.29135
4.70008
5.07531
4.79806
5.10039
3.50956
5.06575
3.55789
6.06758
4.45857
3.37364
6.60188
1.39522
6.59781
7.0653
4.63578
6.14943
1.84476
4.45385
1.64529
3.74863
5.28885
2.01438
5.83585
6.43668
3.46556
0.531406
2.91821
6.09475
1.73139
7.27186
7.5352
5.07324
7.2432
2.09621
1.96281
5.20977
5.51881
3.96719
3.56132
2.18232
4.6432
1.87214
5.16572
4.15253
5.86061
0.984857
5.8546
4.82352
6.18395
5.38246
5.59323
7.56996
3.58206
4.45039
7.39847
7.1092
3.9072
2.8161
4.24326
4.02319
4.23387
5.13913
4.75807
5.15016
4.75163
6.51945
5.71054
7.31578
2.51177
5.14211
7.10278
9.97539
6.15094
8.94499
6.57402
8.69336
5.22672
-0.849349
5.04773
3.98684
9.29781
7.00479
4.84754
8.11395
4.74318
8.84724
2.96597
6.91653
5.49501
1.42987
6.04647
2.15937
5.6339
4.57203
6.06928
5.37164
5.74634
3.61014
7.44092
3.52739
6.58567
1.33301
7.81104
4.92478
4.56767
4.5804
2.58943
1.20646
3.9833
5.34971
1.43243
5.35571
7.54027
5.70746
5.23904
6.31659
4.66514
5.41072
4.28015
5.36895
8.51867
3.32411
6.14081
6.32584
4.9344
6.92259
8.00057
3.04019
4.91416
3.37539
2.85346
7.82667
4.84254
-2.41062
4.66696
3.47785
5.662
2.34345
1.39245
7.34508
2.84398
5.61469
4.10205
7.28165
9.37338
4.39632
3.89665
7.31815
3.21054
4.16502
2.52062
7.23258
6.47345
5.35801
1.54693
5.24202
5.85861
7.12803
2.59715
4.70706
7.17809
6.22593
3.01207
2.65793
3.12291
6.53438
3.68566
4.60941
1.16449
8.27763
3.11845
2.26689
3.04263
9.73798
7.05932
5.54245
5.21107
2.20683
6.56132
6.01806
7.4532
7.7424
1.03337
5.78348
1.59316
4.12088
5.87199
0.948287
2.07487
6.11818
5.93226
4.15701
8.01545
7.16508
3.99442
8.89522
4.04543
5.35018
3.36574
3.88632
5.41538
6.75244
6.29588
8.56829
2.24453
4.39201
3.16059
3.36304
6.12301
4.94391
6.3391
3.66035
5.16756
6.05025
5.01092
2.81459
2.92118
5.02756
2.88672
8.15063
6.93954
5.82364
4.43805
3.40574
6.20879
8.2725
4.39024
4.36821
6.49763
5.66394
7.57513
2.96001
3.65404
6.80456
3.64683
6.00931
4.28641
7.95066
4.71232
5.52846
3.74966
6.27961
6.31738
4.63302
1.90278
7.51293
6.16253
3.79371
2.64578
8.09584
6.23519
4.4971
7.29025
4.26399
6.84345
1.20651
5.69557
5.75451
1.11911
3.33733
5.34871
5.59757
6.08014
7.66443
3.47805
4.24573
4.46705
8.24968
6.50728
2.82589
4.21947
3.97227
3.83142
5.25974
5.99735
2.08958
4.42162
1.98277
5.04719
6.51384
5.6226
7.04472
7.98224
7.56121
2.97117
5.32266
5.26231
2.76926
4.40431
6.67599
6.04924
4.48989
8.69572
4.02274
0.222172
3.45711
8.0484
-0.681032
3.3877
8.36129
3.72208
1.85138
6.66502
7.78415
0.978382
4.82729
4.37292
2.99268
2.7469
3.87556
2.18341
5.40424
9.89883
5.62399
4.14688
5.72062
10.22
6.73337
6.78625
5.92624
7.38399
3.35978
7.42472
0.749125
7.99902
8.01417
4.78471
4.36679
4.43345
2.55532
3.40238
7.73934
4.67881
3.37746
6.36738
1.26572
3.58518
5.1025
5.2473
3.05279
7.36678
5.33693
4.00719
3.43906
3.70596
5.28999
4.93845
5.12701
2.29728
4.37962
6.52605
7.28985
3.15622
6.01981
6.0479
2.99573
-0.693693
8.01333
4.76158
3.23461
6.64077
5.65247
5.29898
3.08816
5.24374
6.98666
6.46976
4.9564
8.19455
5.61671
4.17647
2.74416
4.40625
5.92865
5.99721
6.62419
3.21426
5.11498
3.6089
7.04262
6.43223
7.52878
4.69139
2.61819
4.37761
2.68972
2.62071
2.28169
7.21065
2.21902
1.64732
4.87963
3.30965
3.38563
7.31755
5.32444
6.80583
5.25879
7.75221
3.59925
6.33541
7.51042
4.63787
5.74734
6.16995
3.63079
4.81413
4.30218
5.79995
2.46805
7.98574
5.53335
6.29507
5.70364
4.99981
5.41444
6.66381
7.17887
3.92401
3.37109
4.61066
6.58863
5.21857
6.8189
3.2556
3.436
3.85849
1.01718
7.02855
6.06195
8.28512
5.55751
3.9512
7.90962
7.02378
7.53988
3.09583
2.85539
4.86004
5.73716
5.89148
7.58721
2.08087
1.87874
8.59479
6.0676
1.70858
5.93431
5.80024
4.12171
6.06733
2.77874
4.62401
3.67319
1.99096
4.92847
6.57742
4.4092
5.66896
4.91558
2.80508
5.47151
3.30032
4.99933
4.14589
2.77189
3.99698
3.67885
3.65873
6.56675
6.76505
10.7502
2.89443
1.44717
5.26963
6.63307
7.52285
4.1808
3.95705
6.77833
5.48768
3.87887
4.00236
4.12175
5.63711
4.48162
4.58748
4.33263
7.20841
5.10244
5.34076
5.0677
6.08407
6.87703
2.35067
8.28134
3.56329
-0.164405
3.82419
6.79702
-0.173935
3.12227
9.1394
4.05809
8.80183
6.41315
2.40194
6.798
3.61078
3.39084
4.6163
8.40859
4.72741
5.46249
4.44118
8.94095
7.52967
5.04824
7.75967
3.94442
9.23634
3.58536
3.2479
6.86081
6.03921
3.84562
7.22969
4.16687
6.01635
4.23682
3.99629
8.04124
1.57679
2.61038
6.06826
4.02255
4.83501
5.92421
3.79156
8.20206
5.23047
5.04887
2.76746
6.50861
3.29345
5.8713
3.57706
5.32972
6.30878
3.32864
6.0689
4.1032
3.56996
3.24518
5.79537
7.175
8.47245
4.34836
3.2294
4.61198
1.91133
4.22967
6.45062
9.28433
0.849057
4.23764
4.09813
6.44095
6.43878
5.78987
5.25911
2.33589
3.16325
6.56346
6.3348
3.91388
0.568867
4.62383
3.99202
3.21992
7.37599
5.66168
5.78197
2.25121
4.05374
3.30417
4.28912
4.79914
3.34356
5.94825
8.618
6.25319
2.54069
4.7007
8.90208
8.27473
5.16744
8.53362
10.0414
3.50708
3.24286
7.56085
2.68848
4.37766
6.92365
4.03907
3.64424
4.81979
2.64695
6.16625
2.97613
7.87418
5.37118
4.55412
8.41073
5.59395
8.59573
5.86377
6.93581
7.08338
2.64533
4.12122
7.17673
2.87084
2.33755
4.91915
5.32762
1.8528
7.53642
2.66033
7.42186
5.73001
3.98397
4.43114
6.29302
6.2269
5.04186
4.84066
2.76619
2.6587
6.17782
6.56156
4.2241
3.43722
6.85015
5.56807
7.40932
4.02422
3.92426
5.36407
1.56452
6.87117
3.67491
4.03165
4.25723
5.3727
3.85223
3.62463
3.89654
2.82118
6.10078
5.41623
6.23202
7.33173
3.86016
3.50326
4.96965
4.1131
4.49512
5.60503
6.26588
3.90817
2.35234
5.36517
4.37355
6.11824
7.69176
2.93507
1.19333
6.80685
3.00608
2.65609
6.03374
5.387
3.70645
6.98268
4.1604
4.6627
5.14599
2.19536
9.45477
6.71369
4.06058
4.11673
4.66981
6.37977
6.10942
3.88042
5.54711
7.50116
6.60745
7.45718
2.36851
5.05525
4.3355
1.60226
10.041
5.82388
3.40886
7.51038
5.28303
4.61948
3.00796
4.33684
6.24032
8.32431
4.65432
3.78759
5.71115
3.16336
2.46263
7.6524
3.1582
4.92444
4.54883
2.89457
5.91842
1.81947
4.21592
4.29011
3.3271
5.41782
6.27212
4.52198
5.76219
7.63594
5.14449
7.74054
2.71676
8.11238
5.52732
2.29761
2.90144
6.79403
3.15587
3.5351
1.18389
5.15467
6.08901
6.87157
3.83415
4.05246
3.99367
5.47949
4.31149
4.03452
4.28123
6.957
6.25927
3.01529
3.64943
3.8692
3.0766
3.94422
6.07704
5.3538
4.3925
7.95069
4.25655
3.27887
7.76542
3.35943
5.96425
5.71966
8.65297
3.12789
4.00939
9.57943
3.48073
6.7349
5.2694
3.32124
3.43006
4.13581
6.91286
6.66575
5.35988
4.17998
4.93791
4.12303
2.25537
4.17872
4.20587
5.84582
4.72433
7.6659
1.75804
3.03517
5.04645
6.77066
-2.49832
7.44908
5.98648
4.45183
1.20105
5.6861
5.7877
4.77166
6.87759
8.57902
0.387186
5.61068
3.80838
5.10067
5.35624
3.22683
7.21042
5.99055
2.8581
5.86581
6.64981
7.36602
5.39542
5.21967
4.65456
3.89439
3.89376
3.47619
3.369
10.4326
6.8393
6.17078
1.68164
6.72334
3.79484
6.34337
3.33655
3.69633
7.12701
8.57309
2.17966
4.30224
4.73048
5.83503
4.30694
4.0909
5.81741
3.37331
3.06721
6.766
1.93454
7.46523
3.06152
4.2249
7.25397
5.12971
4.4883
6.5525
6.42873
5.27579
5.71287
3.01196
5.5983
6.97689
0.52972
5.938
1.38059
5.88665
2.42764
5.63789
5.54301
8.03887
7.99691
4.8422
3.23313
7.42689
6.3996
3.83273
3.59243
3.72583
0.553368
5.9007
4.25296
1.54007
6.51848
4.98672
1.62659
4.2034
5.72067
1.4471
2.89011
5.69427
1.90349
7.91209
8.40756
4.30187
4.08902
5.21123
3.75806
4.00291
4.94612
3.47103
3.34356
5.84636
4.66257
5.51013
3.4146
3.5817
2.61768
6.32842
5.83665
6.58289
3.24048
3.7211
5.4525
6.64541
5.5891
6.61866
5.11718
7.27256
4.58789
4.98811
5.3969
2.52792
2.77827
6.84062
2.05572
4.12338
3.20313
4.64539
2.35859
0.257363
7.6261
6.34995
8.27948
1.16552
8.96813
2.41348
1.87105
4.71061
5.82722
5.02559
8.64843
3.39992
6.18335
3.72967
4.21823
4.32683
4.81604
8.50796
3.45686
5.62031
4.40614
7.95109
5.60527
2.77269
5.69682
7.28302
4.88478
2.14981
3.50048
8.30111
5.21716
6.56268
11.001
2.47302
2.73549
5.61957
3.64837
8.1754
7.19942
4.05091
2.7705
2.51324
2.41466
7.88827
7.48814
8.96099
8.64978
2.71927
2.89363
6.62565
5.91538
7.07984
3.23626
7.45176
5.17907
5.90529
5.0997
4.12314
4.95554
1.27279
4.13107
8.0844
4.9686
4.67146
8.7788
3.67024
0.658612
7.43846
1.22466
4.92007
4.2135
6.72215
6.20882
5.89219
5.56114
1.94348
4.98095
6.55605
7.60031
3.60203
3.81489
8.75961
8.45568
5.82589
6.97418
6.38407
5.71474
5.88347
5.77901
-1.34664
4.26003
5.01797
6.39088
4.78967
4.93782
8.05472
5.16382
8.74224
4.57517
3.65347
2.77749
4.12843
8.04579
1.95614
4.58014
2.23045
7.59926
3.68264
5.5828
3.77859
3.80079
3.96238
3.81641
6.45098
1.75234
5.93632
3.71459
4.84611
5.45364
6.43619
4.92261
5.25128
7.74363
6.42605
4.79475
1.61266
4.94644
2.68086
8.34629
6.09662
6.4786
6.75674
7.51852
4.28315
10.0366
6.41025
3.1991
6.8617
4.02503
8.15845
2.71062
6.98997
6.55646
2.58397
4.97113
4.21986
4.50141
3.03629
0.840793
4.55623
4.75275
3.88444
2.46156
8.87647
3.21806
4.6746
10.2403
3.17858
4.59116
3.56851
2.6879
6.02753
5.26583
3.72694
5.15447
5.18899
4.15084
5.70263
3.6323
2.94573
5.72647
5.1679
5.59612
5.88245
4.15877
2.18091
4.71674
3.14063
6.36766
6.40151
3.44694
5.22536
6.08638
1.80476
6.36961
5.46164
5.11941
8.21002
5.14203
6.18734
4.64977
6.63206
8.38624
4.34567
6.04091
7.50353
8.7863
6.0282
6.15041
7.94513
4.01354
6.10162
4.40705
6.22398
4.19895
1.00042
5.52157
4.41475
6.30011
4.21906
3.66643
6.44867
6.57969
5.26012
7.17683
5.85518
7.89473
5.6801
9.52286
5.90401
4.7311
3.66822
2.64702
7.77019
9.67029
5.35086
4.81592
6.21637
5.03889
4.91774
5.66132
4.16085
2.11069
4.52115
7.76778
4.60188
1.80696
2.76234
6.15477
3.9255
1.57997
3.98474
5.42834
0.468824
6.94892
4.0714
0.43414
6.3955
5.82996
1.66681
6.39787
3.83217
4.49515
7.44808
3.32939
6.42674
7.05445
5.49248
3.90921
8.78479
5.55121
2.45867
2.21919
0.135344
1.3204
3.34099
6.39529
4.61641
5.78516
8.37431
4.45575
5.64835
4.28212
5.95495
5.18543
6.65185
6.77658
3.6862
3.07203
3.56985
9.73401
6.62392
9.75092
1.98053
4.4196
8.00476
1.52164
6.13318
5.11082
3.60472
5.37354
7.42968
6.13501
4.31418
5.72107
7.34079
5.03645
7.06714
6.846
3.485
4.03289
2.87517
2.98159
5.56451
2.3893
3.95647
5.57816
5.51139
4.45769
6.26704
5.17002
4.53685
6.54694
4.1595
4.86338
3.2976
4.99587
5.84739
3.10417
8.33884
5.86077
3.93059
1.8362
5.42175
5.00333
3.48932
4.86697
3.82943
5.81653
2.66793
9.12018
5.56428
8.6718
5.67234
6.28697
4.51622
5.32745
5.031
3.41677
7.05441
4.21906
5.9548
5.85377
3.04861
8.43965
4.24635
4.59586
1.53441
8.37939
8.31055
5.63945
3.64077
6.20136
5.83217
3.21079
6.89843
0.907034
4.70078
7.15848
1.18966
4.28054
7.50552
6.61288
2.54131
4.91526
3.46074
4.2009
6.97382
8.33356
1.81481
5.68954
4.17641
5.78082
2.63125
5.65708
6.22655
5.33707
4.45345
4.71424
6.05624
1.75994
1.2822
4.86942
3.79182
5.53205
4.23341
5.22208
7.98261
6.97915
8.78648
8.49971
4.60944
4.64371
4.76762
2.2529
2.52771
1.9485
4.66176
7.22561
3.47523
5.48277
8.11826
5.84477
1.88395
6.44979
2.31611
2.40187
4.82314
6.12013
6.75549
2.82288
5.48966
6.04317
4.76878
2.98686
2.34214
6.33607
7.16703
3.34155
6.63829
6.32531
5.04474
4.01556
5.23982
6.19173
6.73919
0.399457
4.47932
6.34406
4.12606
6.08092
3.46305
5.97949
4.41175
4.46185
3.39422
6.01231
6.48022
6.23591
5.30055
3.95327
4.40354
1.54061
6.25877
4.52969
2.99864
4.55774
2.67394
3.35524
3.94452
3.11704
5.11798
3.26161
6.08295
6.48026
6.63935
2.06012
2.38285
2.46471
3.95312
3.02684
3.4
3.44675
5.04742
6.45366
5.15871
6.77654
3.89869
1.78297
7.69044
6.43867
3.3877
6.05996
6.61821
5.43699
6.68401
4.93921
4.24986
6.48602
4.99353
6.20752
4.36518
2.69033
7.62288
2.52623
5.36755
3.68537
7.42078
5.80759
2.88949
5.04062
6.13943
5.68932
5.61389
3.96635
4.6527
8.41136
0.386012
1.52692
6.45776
1.82199
3.30724
8.32359
3.67413
5.74826
7.11009
1.17844
7.72922
4.79608
6.12498
3.7837
6.21193
4.82499
1.54672
5.03892
5.47779
5.17037
8.35267
6.43767
3.81888
2.53212
4.02446
10.6442
3.14453
3.09627
5.84064
8.00049
5.27049
4.81025
4.73764
3.69722
4.02704
4.05098
8.33425
6.54302
4.54542
5.02385
5.21372
4.10302
2.21153
5.87589
4.35863
4.15861
5.72367
6.33295
4.95808
1.64279
2.34666
4.44066
0.0537701
2.5828
5.73886
6.19638
6.33921
1.77698
2.38665
6.31411
5.38632
5.30161
4.52871
3.13394
5.59212
1.21455
6.46856
3.59408
3.50946
6.19747
7.14102
3.50382
6.32564
8.02619
4.94609
6.7346
4.71275
7.83086
4.68923
6.68498
6.69861
4.82786
8.78838
-0.603902
6.05045
3.85309
4.4788
7.3111
5.80216
6.25605
2.87087
3.34078
4.42725
5.45175
4.06377
3.61318
4.55059
4.15287
4.60112
2.91944
6.48858
8.59147
1.60018
1.82808
7.31436
2.39642
4.04377
3.92711
5.59719
4.31385
8.35439
4.61209
6.48823
9.71249
7.61292
8.52077
5.55194
1.66572
9.4816
6.83356
3.00269
6.67472
3.03021
6.18327
6.95203
4.06026
5.32026
2.19836
0.268198
2.77039
1.93137
5.45469
7.23049
6.68392
0.562471
4.69465
3.95093
4.26873
6.53185
7.62231
4.03092
0.685061
2.73325
2.75753
3.0208
4.50732
3.98504
7.54365
5.75092
5.27435
7.24447
6.2483
5.51712
2.33659
4.8452
5.93613
6.36806
6.59086
6.2113
2.84244
5.33394
1.98321
6.00835
3.9864
5.6914
2.80169
6.46648
8.11124
4.40233
6.38996
3.10067
4.47975
4.83213
6.42168
6.69865
5.19879
2.13177
3.03837
5.30517
4.23135
6.49171
6.19367
2.73844
6.64894
3.8572
3.91893
7.75196
3.4101
5.60049
7.6396
4.83234
4.92858
6.01815
8.51433
6.2253
4.66518
3.057
6.13277
4.62799
5.86712
3.3095
3.11709
7.26292
6.60613
8.66748
4.81035
7.27062
4.62643
6.93509
5.03973
3.77608
3.63281
6.52959
3.63997
2.71524
9.06009
10.581
3.68382
6.0628
7.32262
5.86478
5.71913
6.27692
5.3907
8.51252
7.10419
4.95714
5.22452
8.73231
6.09774
4.655
5.61402
5.56428
8.40335
6.51481
8.5921
6.2373
4.30476
4.96583
4.2298
4.28046
1.96451
3.90226
6.37141
4.98351
7.54054
5.61767
3.0789
5.20598
8.44077
4.86745
9.11245
7.49925
4.08847
2.425
5.66459
5.89357
5.78239
9.40824
3.60009
7.88806
7.18957
5.2918
2.61738
5.57621
7.89396
6.53596
6.28731
3.20739
3.53117
6.71585
6.79455
1.83262
5.47624
3.86882
6.38455
5.73755
6.15561
4.85999
3.18921
3.65351
5.65167
4.53117
2.26024
8.41227
5.32466
4.41905
3.91773
5.17806
6.14803
0.902492
5.39096
5.7726
5.46387
4.87078
7.96797
7.67889
3.85906
3.75261
5.76646
3.99647
3.5004
3.43269
2.38483
6.27043
6.34679
-0.198413
7.14186
6.21549
5.51352
7.08566
1.83793
3.13641
2.53172
4.93953
4.9735
6.1581
5.76091
3.6612
4.04922
4.55318
6.7034
5.17072
6.73548
2.20251
3.14932
8.77094
5.68148
4.51233
3.86069
7.65849
6.34675
2.96509
6.99374
6.87251
7.64674
7.87333
3.72617
1.06869
2.18234
1.57357
3.55082
7.21651
4.84954
6.60213
4.73189
5.72063
6.79494
3.99456
0.974046
2.44057
4.63244
-1.60366
4.35866
5.91202
2.65451
4.0727
6.48637
2.92048
5.24493
7.91598
6.00684
3.50763
7.22572
5.9007
3.41033
6.18644
4.93977
1.9065
6.1919
5.10387
3.35416
5.03684
5.48719
4.61578
5.85214
6.17022
3.28773
4.07616
6.16814
3.9768
4.11171
6.09551
6.26538
6.02185
2.04634
6.70497
5.30902
4.5551
3.45228
9.77853
6.13975
7.54053
4.09354
5.23139
7.7973
6.0778
4.03906
4.38097
4.24245
-0.187742
5.60522
7.23945
3.23137
3.57028
5.75588
7.47577
4.94562
7.36882
4.56724
6.30548
5.79052
5.13756
4.61427
4.15624
3.60952
3.54848
7.89231
3.71675
6.7438
2.38406
3.07254
4.631
3.70387
5.69766
6.90845
4.58908
4.76752
6.23751
6.35919
4.74451
4.60013
3.21049
6.12781
3.62784
3.98018
5.33705
5.76706
6.01415
7.56493
7.04934
5.27618
5.68965
5.42122
4.12941
4.28662
7.07657
3.23803
5.739
5.55251
3.50344
7.17108
6.65604
6.67769
4.61881
5.49551
6.68692
6.44094
4.79186
2.75117
4.75976
6.22968
5.51279
6.13088
6.84831
5.84658
3.40166
6.1219
6.61531
3.36196
5.15061
6.66728
-0.0409708
3.97919
6.74385
6.42319
3.47872
7.07529
1.55471
5.71763
3.32696
1.43975
1.58521
3.3039
5.26877
5.93762
4.92702
7.93798
2.54761
5.21479
0.981258
2.97326
8.28946
7.03724
1.69209
3.02398
3.88534
6.31448
2.32403
4.16232
4.5302
5.79295
5.17983
9.43412
1.95221
3.40651
6.78386
5.32147
8.0372
10.1909
4.95143
4.2753
5.35848
5.39702
1.81186
3.95761
5.36032
3.58482
3.76399
7.14926
4.85769
6.49169
5.86066
-0.852068
2.20972
3.58237
6.51264
6.14162
4.40662
5.40342
5.55745
1.92234
2.97236
5.20094
5.58086
4.27291
4.19285
10.0309
3.95357
1.47616
6.51218
4.17671
5.31383
4.56979
7.12297
6.14011
6.44932
4.53183
5.56878
8.80284
8.42038
3.28174
6.47052
5.21027
4.50005
5.06096
7.27839
4.5381
5.26472
6.5635
6.88499
3.13251
7.11604
-0.807984
3.4465
5.32074
4.33333
5.94377
4.83805
8.57158
5.66233
3.23696
5.6573
2.06255
7.1839
8.04009
9.13522
0.818395
3.73013
5.43633
5.40197
4.72318
9.35583
7.3725
7.30054
3.40639
3.93691
3.45942
4.99358
5.72234
3.59497
2.74609
7.19454
6.21698
4.69131
5.8888
9.59656
4.67179
4.27113
7.66129
7.223
5.55118
5.45902
4.32438
2.45378
2.76252
7.26731
5.77105
6.6158
2.5898
3.06811
6.49972
7.85767
6.5752
4.02372
5.72147
7.49525
9.76252
2.9792
5.66494
3.56619
5.85502
6.98162
2.25773
6.32237
2.82166
4.09675
7.52387
1.20907
3.56614
3.52759
5.16594
6.14858
4.92187
2.6335
6.04425
6.76479
-0.010157
5.65573
7.17352
6.09249
3.71656
4.70947
1.71085
4.81333
1.64558
7.03314
5.08279
1.58456
1.98491
1.0171
6.12075
6.33029
3.16185
0.478755
4.72244
6.24722
6.54724
10.977
4.26706
4.9371
5.74098
7.60802
5.11282
2.49325
5.99257
3.08358
7.56766
3.66516
5.06913
3.74792
2.36067
5.75831
4.46693
5.21352
3.4976
2.46504
5.15511
3.99738
2.40179
3.46274
1.04151
3.21917
4.65587
4.6963
2.40559
5.25845
4.84106
3.62673
3.31904
0.480609
4.46425
5.06154
4.01559
8.71359
5.63092
5.95956
6.88018
4.60165
8.06664
-1.04827
2.93283
5.2827
4.68588
8.35915
1.94674
7.16597
5.20103
0.874402
2.48612
2.09203
6.00801
3.37176
6.26098
4.0989
5.22584
2.93437
8.30692
3.57028
4.09954
6.71529
7.49222
2.52758
3.60697
-0.175061
1.63206
5.27696
2.05354
7.32895
3.36302
5.49063
6.35335
3.90771
2.53971
3.53865
5.74047
5.52613
8.73755
4.95379
6.58357
5.03294
4.79621
6.3065
5.4883
9.84399
6.21087
3.81472
4.19366
6.77767
2.08094
7.15428
7.06598
3.3052
4.91502
7.3598
8.21899
6.51995
8.44136
5.24786
6.18654
4.96019
6.23969
4.15977
5.49577
3.15568
5.21112
4.07244
3.88852
8.87053
4.47816
6.99275
6.94557
5.01943
6.01235
3.77522
6.55221
6.10574
0.912005
4.62309
3.14445
4.98209
7.66574
5.94651
4.40636
3.88456
3.50592
4.13366
5.82002
-0.588991
5.50617
2.8047
5.08855
5.67446
2.00781
4.44435
2.40187
5.52114
7.19262
4.45445
1.32198
5.80034
6.68415
5.01015
4.31446
2.95815
5.77435
5.45144
5.89335
2.60268
9.46357
4.8922
3.15831
5.45306
6.45068
5.24932
6.53972
4.54604
3.73865
4.91791
3.35158
4.03435
6.42257
7.06003
4.83968
4.38269
6.784
4.3486
5.12955
7.88267
2.27314
4.31076
0.660928
0.0158268
3.86038
2.81714
8.02697
1.21806
6.5668
4.17284
4.95868
6.10731
1.45504
5.72228
6.52314
2.25507
2.71186
6.01609
9.43664
4.76946
2.40602
8.07546
4.52905
6.08575
3.34655
6.44002
4.12647
6.65609
4.63357
6.18251
4.86623
7.21149
1.53128
3.42779
2.48249
6.43362
4.04347
3.31854
4.68507
7.65409
4.54436
7.80843
4.51206
7.56215
5.121
5.93165
4.70555
6.07818
4.71048
7.26831
4.81229
7.75263
7.11991
6.02154
2.17417
2.41854
6.72542
5.40383
5.44852
2.26443
5.68462
4.13008
4.87894
4.60445
4.40243
5.20197
3.16927
8.49242
3.704
3.37428
4.59191
4.83314
6.99706
3.46561
3.7178
3.70165
6.91635
10.7736
6.15067
7.22765
3.9062
6.51061
7.77465
7.37231
6.39598
3.02583
5.50082
7.8396
2.29057
6.18929
5.82041
7.01088
5.90504
4.1251
2.53494
6.4018
8.16784
3.28177
7.25186
4.81532
5.07155
3.79358
4.48593
3.22048
7.2496
1.62614
6.07281
6.28514
5.08018
7.83906
0.927675
4.45555
6.62733
5.81032
6.61458
5.13308
1.54955
5.45323
4.80412
7.67575
0.878518
5.86488
6.00375
4.1825
6.4711
3.75542
5.02468
3.3219
5.39812
6.79693
3.41491
7.94161
4.99667
0.893118
7.51762
4.51111
7.52973
5.33776
5.17912
4.6198
2.51521
0.514885
3.41416
3.24556
0.0534366
8.08772
5.71165
7.02018
4.64438
5.86904
2.84677
4.78232
5.98383
5.74026
2.18465
3.67395
6.60933
5.19604
0.337527
4.85274
2.57167
4.38979
3.11184
7.14319
4.54971
8.08826
5.8974
8.75933
5.93176
4.26989
2.58656
5.46312
2.54624
4.71137
5.90696
8.33226
2.71403
8.21266
6.81141
7.78113
7.13994
5.76465
2.45862
6.22951
4.40663
-0.512438
1.9196
8.77044
4.22564
1.84925
7.08582
5.56955
5.15169
0.760617
3.73231
6.52774
1.88754
4.70989
5.04296
5.99653
5.90743
7.39246
5.28287
5.32267
4.94231
4.74479
3.99928
4.20618
5.94864
3.08062
4.31822
6.89525
6.59774
3.55824
5.93364
3.43284
3.30793
6.00719
1.47415
5.07986
4.14416
3.36337
4.7899
7.22878
6.33784
7.5475
3.62651
6.65223
5.40209
7.44345
4.09714
6.70815
2.88027
-1.47228
1.72333
3.96616
4.00053
6.07586
5.9183
7.55239
5.4272
3.62649
4.37915
7.00168
4.3845
5.55134
5.2633
4.55866
6.43708
2.97701
3.69996
4.46028
2.80758
3.48042
5.16683
3.84495
4.33102
3.20232
6.90301
1.45024
5.61819
6.77989
5.91177
5.33044
2.50511
1.45134
4.35266
2.70871
1.58498
5.62535
7.50585
6.85496
4.13245
2.38395
6.37131
5.23968
3.60559
4.78787
1.76931
4.95253
5.38665
4.36181
5.49361
8.87608
6.3679
2.99341
7.40645
5.95048
2.94159
3.70433
3.60664
3.38094
3.41161
6.97323
6.18994
3.04282
6.51048
5.34436
9.10825
7.51801
5.87533
4.96901
7.00954
4.47954
8.00243
4.91137
4.24437
2.08308
2.95454
4.73039
5.95627
4.35568
4.57544
8.77442
5.78807
6.66539
3.05325
7.21716
6.42066
7.40224
2.02907
2.52914
4.27773
3.25454
5.58185
6.92303
5.05024
6.06661
3.94747
3.95213
3.54724
4.80192
7.67138
7.09242
1.64023
4.51044
3.81445
5.4085
3.52895
2.93365
6.57996
1.49754
7.44512
4.92409
3.49855
3.11021
5.86251
6.43302
5.99842
2.30444
5.8819
4.75242
4.31715
4.00767
7.4375
5.39721
1.37936
5.18026
4.05463
5.98821
2.25612
5.36489
2.5972
0.793972
2.77716
5.47732
7.6625
5.61277
3.27302
6.36137
-0.541752
4.3798
6.75084
-0.0109957
2.58975
5.74331
9.22406
7.97718
10.0919
7.11548
3.50255
0.607124
4.97384
6.84789
4.59471
5.69989
3.54335
5.80196
8.05758
2.45963
6.54776
4.91199
7.69112
2.84325
5.87669
5.28451
6.89839
6.12241
4.19434
4.19694
2.87973
5.49621
6.01363
4.79283
5.35828
3.22176
3.64655
6.07026
5.36762
9.49998
3.99581
5.93301
3.60349
6.64309
6.86448
6.66653
3.41168
5.6833
5.19268
5.04481
6.51963
5.84863
4.05291
3.76472
5.51263
8.04566
3.3526
5.23938
6.0251
4.89623
6.97443
3.82418
4.90221
4.998
1.93328
4.18755
6.92327
2.07101
5.10613
4.13404
7.42385
3.4549
5.03247
2.40367
6.31241
5.4553
6.85135
7.72011
4.49965
5.95866
2.51733
4.57555
4.4375
3.64303
5.08454
5.59051
2.97734
2.18297
9.09022
4.84853
3.91452
4.30344
2.40282
7.18746
4.80751
4.70211
4.33025
4.96193
6.24707
7.03913
4.90281
7.35221
6.31235
7.06243
2.81771
3.28169
2.87671
5.48775
2.87172
3.92122
2.4851
7.64304
2.98302
6.29685
5.05756
5.38648
4.94593
7.50613
4.19312
6.51364
1.87582
3.25117
3.84794
7.13436
2.84112
1.93477
2.57301
5.43122
3.05933
8.79747
1.61836
0.102372
2.55657
5.10075
6.66357
7.6629
7.27032
5.69339
3.44625
4.76904
7.00367
3.04361
3.07342
10.7804
5.55817
4.35896
5.10575
6.7761
7.95317
4.18808
5.85561
7.38511
4.52981
4.17614
8.74906
3.04626
5.31473
6.19069
4.18474
5.40381
5.79119
4.2903
4.99039
8.02174
6.80481
5.97431
6.28795
7.72616
1.35435
5.03232
4.28598
6.10235
5.87649
5.76032
3.0793
5.81213
6.60583
6.51595
4.00115
4.19769
6.26726
4.35118
0.414556
5.51402
3.1406
4.01974
5.20248
6.34384
6.31834
5.7263
7.37859
1.72334
5.86617
0.0494214
3.79646
5.42287
5.3429
1.3211
4.80708
3.57719
4.22386
4.19317
3.90591
5.01511
4.7645
4.00794
6.81919
5.24719
5.2369
5.6764
5.04193
5.8949
8.12843
2.76527
3.40936
3.91906
5.14508
6.07241
6.28629
3.46818
9.59892
3.8252
7.66815
1.93932
7.00423
2.83764
5.07885
4.39856
2.68475
5.8914
0.881082
8.01585
5.17489
1.92508
3.45201
4.18882
4.26411
2.63579
4.94982
7.18815
2.28951
9.46501
3.95747
7.6457
3.57208
3.60733
2.56669
4.98551
7.30619
0.517788
7.93884
7.89448
5.86327
7.95736
0.676036
6.09702
6.35685
0.715146
-1.69739
4.37679
4.84448
5.11216
3.2389
6.22735
4.97481
4.28272
6.58435
5.73954
5.94887
2.05503
5.21378
9.64736
6.71748
4.57495
6.26712
6.55613
3.64465
3.22092
3.97751
5.9626
3.02275
6.01785
3.10134
5.50609
6.68436
1.21721
2.61837
8.20833
2.79183
4.67652
5.23583
3.79719
4.93235
4.3585
5.56903
4.07005
7.93576
3.89785
5.76272
4.9114
6.41607
4.17032
5.32095
6.49006
1.93862
4.81552
3.80097
5.68913
6.0548
8.85012
7.41595
6.72432
7.71357
5.95207
3.1559
5.66328
6.78545
4.2892
2.71274
2.69558
8.57212
7.00173
5.61201
6.43382
5.14651
3.4041
3.40735
5.35193
2.98167
5.56182
5.64736
8.81853
4.10441
2.69516
0.832703
1.62026
9.00693
6.04417
5.05019
5.4662
7.0293
4.20175
4.98539
8.08024
7.93091
6.1858
4.43523
3.92257
4.16931
4.00826
4.32758
1.49936
6.63849
5.01473
6.11417
2.10326
5.41195
4.51824
6.20128
4.72206
3.14119
8.27705
6.1698
5.27322
5.76623
0.289139
2.91555
1.73065
5.99703
3.85196
6.1983
2.67523
5.30574
4.234
5.90335
2.63599
1.38776
5.31338
4.66716
5.40979
1.96435
1.13955
5.42815
2.3983
4.75524
8.04667
6.66162
6.42853
6.03302
4.35171
5.7884
0.0351703
4.57051
3.06444
3.6727
9.11937
0.673921
7.67086
5.52354
3.80104
5.95775
8.45318
5.99201
4.15346
8.52398
6.68483
5.56225
6.78915
7.9663
6.6222
2.46227
9.06531
3.05407
7.36703
1.76714
3.7536
5.62964
0.694393
6.67642
6.1631
1.58468
7.57107
5.95999
3.68155
0.6814
5.60537
2.50721
5.07527
4.65514
4.83839
2.04923
6.13654
3.60693
2.74592
5.06277
5.55023
6.15686
6.93838
8.12799
7.29013
1.84359
4.2074
-0.793617
3.99559
5.60189
4.5573
4.61853
3.81843
10.3044
5.67952
4.39156
5.38264
4.36619
6.12557
3.72342
2.99515
2.21098
2.46222
3.69447
5.39444
2.2787
2.24388
5.26227
2.93123
3.71031
4.23548
3.49533
5.0453
1.79261
7.5587
7.46051
3.86336
5.20229
5.73916
3.50782
3.15053
3.44535
2.21875
6.70882
5.82888
6.47922
5.24324
0.787912
3.241
3.73666
8.29556
5.55439
3.73152
3.12843
7.02548
5.91416
2.87532
3.8217
6.30566
5.47117
3.9821
6.813
6.94374
6.10083
7.81513
3.55939
6.57313
2.50538
4.09813
4.8317
4.42046
7.86804
5.45875
5.66586
3.96565
4.92623
4.77724
3.27458
5.03938
3.3055
4.96431
2.80005
10.3791
6.56089
5.22595
2.44861
3.14609
6.4231
5.671
5.39492
5.30436
4.96192
6.0165
5.51112
7.03991
6.6477
3.56364
0.830125
3.95922
0.33103
1.43876
6.81778
7.18483
2.24802
6.34798
5.17475
3.96885
5.67252
6.19797
6.93651
3.08617
5.10428
7.43921
7.53149
8.27306
3.17656
5.039
7.74357
6.63256
4.02957
2.96596
7.91698
4.76597
5.2616
8.72769
4.94323
5.77974
3.65804
5.33867
5.3366
7.33062
6.6314
7.95889
3.05241
3.19227
7.0115
4.7132
5.66417
7.00575
5.98297
0.629679
3.91001
2.41203
4.91413
5.92738
8.61199
3.25421
7.84877
3.79316
6.10067
3.46861
5.33346
8.62814
5.71022
3.62512
4.91458
5.08247
8.33329
6.80901
4.54238
7.08649
10.9659
8.53673
4.95295
4.85907
4.07101
5.29613
3.90765
3.7491
7.10405
5.77914
5.18758
6.21134
7.35658
4.49958
4.30436
6.55752
6.1434
7.31539
3.58111
4.32875
5.33475
5.07372
6.2681
8.23235
4.68017
7.27669
3.24219
6.30391
5.23697
0.472982
4.37718
5.41282
4.6817
5.47707
9.09781
6.99136
3.40843
5.97658
1.80994
6.1641
4.83271
7.0809
6.12203
7.8876
5.20495
2.39557
4.06941
4.41194
2.17554
3.65643
4.85663
4.47222
8.56502
1.70613
5.97602
4.35939
4.98216
4.26456
3.67818
4.17769
2.64524
3.28418
-0.151924
5.69139
7.45526
5.50513
7.18134
6.84609
8.6012
4.14697
3.49985
4.05731
5.08468
6.54039
4.43889
7.15514
5.20277
4.4583
7.27515
6.44631
2.8772
7.38906
5.25017
1.50046
4.54362
3.96429
5.13538
8.67632
-1.96302
2.70821
7.09757
6.60243
3.18539
7.41916
3.34458
7.99729
2.44535
4.68502
2.93461
4.0414
6.5305
5.68141
2.09711
6.86192
2.94609
5.94909
2.19097
5.50005
5.81762
7.54078
7.37043
5.54514
7.79051
3.95949
3.96857
7.00273
5.90214
5.58173
5.09565
5.58464
4.90697
6.05006
2.99004
8.69098
4.48595
3.8658
3.50486
7.10067
3.93748
9.45717
7.50322
4.84282
8.94099
5.78271
9.00929
8.06047
9.43032
9.29471
7.57772
6.81451
4.79632
6.61195
1.80663
3.41097
6.58993
6.69032
7.4937
5.60273
3.79703
5.09568
5.24796
7.80988
6.06636
8.35343
4.73788
5.14164
4.33722
5.41203
8.1772
5.59769
4.97753
6.08144
8.17822
7.91145
4.91491
5.30808
2.3576
8.02219
5.17096
2.76336
3.39934
7.96188
5.46273
4.29854
8.25588
2.41086
3.3926
9.53767
2.72996
5.18505
2.95877
1.18629
6.84806
4.82132
4.13095
5.08939
4.58959
0.433783
3.67011
3.10471
5.61794
5.95991
6.05344
4.08006
4.97767
5.94233
5.3381
3.43467
7.57222
3.76468
7.84581
2.9557
4.24135
3.95168
3.42689
6.94948
4.28631
6.44407
7.03751
0.524988
6.855
7.71807
9.78172
3.80193
0.141341
6.51761
4.98558
5.3983
4.50916
8.22007
2.3495
5.51797
9.59707
6.30816
3.06591
4.73825
2.73314
3.71669
5.0207
6.88652
4.34078
4.12649
6.21521
5.79324
5.39641
9.81379
3.3347
4.07087
3.79805
6.66746
8.78927
1.69169
5.50717
4.93408
5.75808
9.3969
1.23738
6.63474
5.80656
6.53142
5.402
3.9523
10.2532
7.00579
6.61836
2.55496
2.2515
3.46095
3.4282
4.83447
3.29801
6.29385
3.29579
8.7396
3.40408
0.91697
6.33926
3.97323
3.3743
8.74389
9.11627
5.56031
6.87512
5.58848
4.13861
5.78992
4.28366
2.72236
5.21161
0.738684
5.32225
5.7517
1.95261
5.80246
7.22853
6.16361
2.33718
10.2319
6.94024
3.52124
8.92063
5.53197
6.6516
4.10207
5.51106
2.63583
3.4437
4.10713
3.60928
4.37417
9.77252
8.91629
7.20677
2.38921
3.73038
9.0853
0.567173
7.36169
6.71582
6.81362
2.83001
6.57911
-0.412805
4.94991
6.22517
2.99388
5.4129
8.80546
5.30779
8.35898
5.13237
1.4889
4.05151
1.14913
6.06938
3.35
5.99949
0.896474
5.62926
3.93318
3.7806
2.32743
-1.41831
3.6202
4.78144
4.04567
7.6931
3.02063
4.49492
3.34234
5.31152
2.87056
4.40788
5.22156
0.639756
3.89404
2.71402
4.43572
3.82261
6.77838
7.08363
6.59574
5.80194
5.49411
3.20015
5.84239
7.00468
6.55265
3.15289
5.06417
6.17243
7.0601
3.76297
5.19214
5.69871
5.18066
6.66203
6.46652
5.07881
5.83979
3.17234
7.07291
5.98617
5.92164
4.27147
1.34079
4.47855
3.74497
5.879
7.58626
5.45605
6.41152
7.97236
4.04491
5.10326
5.74477
3.43012
5.11238
4.70339
6.02506
7.93468
3.30992
4.91649
7.3996
5.24427
5.5943
3.78727
1.79002
3.66024
5.72229
5.83149
8.99934
3.70041
5.89785
1.76909
3.79166
4.27202
2.40291
3.19463
5.04294
5.12398
5.80863
4.63973
6.48433
5.91646
3.43581
7.4512
4.84814
0.943916
4.87632
1.91375
4.17291
4.52091
4.00742
3.29195
7.22057
3.42829
3.17454
4.42841
4.21476
5.45872
4.06663
4.34201
8.26301
7.29114
5.09106
2.07074
5.50478
5.42622
3.52714
1.63717
3.61086
2.80926
3.2875
0.124155
3.03545
8.14526
5.2113
6.49757
8.10164
1.9691
3.3849
4.91198
4.93925
6.07986
5.35265
5.38668
2.36792
5.61227
7.29175
5.54403
8.88654
4.30524
4.49153
4.80817
2.01054
6.41906
8.31235
3.69326
5.75527
8.32775
2.68654
3.53383
4.38659
5.06193
2.58627
1.76313
7.01491
2.93207
5.44457
6.07125
2.41642
5.46598
5.3058
4.24956
3.80161
1.29507
6.63831
3.8879
-0.485063
2.65525
3.76391
2.74799
4.56004
5.69639
2.34824
3.99304
3.74855
4.10572
4.45583
2.06943
2.85139
6.79164
8.099
8.15906
4.56631
9.78207
5.64947
3.25056
6.15709
3.18732
7.17624
3.8344
7.03013
6.00379
3.50024
4.46651
4.38193
4.0866
3.98001
2.86564
5.37578
6.06167
3.52737
2.88877
6.83749
2.93086
5.66687
6.25137
2.49355
2.81049
7.26291
2.30658
5.2827
3.58364
1.94223
4.47806
5.26947
6.53182
2.59354
7.88463
4.49506
3.57183
5.69566
8.01794
0.382204
6.38623
7.80268
3.92735
5.49614
4.45381
7.01151
4.45014
5.07663
6.86333
3.11513
3.82615
2.67978
7.57014
5.13999
7.15146
4.59846
4.17755
2.40152
5.11818
5.1038
4.05821
5.47089
1.47648
-0.0133681
5.57878
3.33591
11.4157
5.28599
5.13843
2.29903
5.22705
7.38461
2.1987
3.91483
3.26045
-1.31776
1.28899
5.15814
5.96233
6.64805
5.93579
9.17424
7.96658
5.48455
5.67494
3.22384
6.86718
6.45878
3.25878
5.5414
5.02917
5.40912
4.74703
7.50187
9.75226
5.59699
5.77524
6.07798
3.3875
5.48988
5.52669
2.66733
6.66459
1.94691
4.48057
4.29083
7.41087
6.72278
5.97691
6.06212
2.47496
4.0874
6.97368
6.09265
7.81236
4.7482
3.79764
1.36764
6.78995
4.77454
6.30226
6.95372
6.87339
7.2723
6.53473
1.19688
7.06871
2.81406
2.12885
4.56638
5.67026
5.27877
8.33601
4.49508
3.26635
8.58004
3.2215
3.95398
6.59715
1.03295
7.58801
7.15047
2.80748
6.26119
4.24434
2.62378
6.23545
4.14511
2.63736
6.29267
2.92319
4.98614
5.14146
4.20593
4.19952
6.71974
4.55813
4.6045
5.98927
2.47979
3.60408
4.8595
5.20258
4.45739
4.346
6.13513
3.27705
5.72167
3.8517
7.73534
1.90089
5.7435
2.43448
4.72677
7.13147
3.85793
4.40558
4.54486
7.13024
7.95981
6.07102
1.78225
2.07196
4.07927
5.71854
4.93087
6.98175
1.60791
1.96941
6.42315
2.27656
7.29469
4.04722
6.56428
5.92462
3.02364
5.68025
6.55684
4.33811
7.93302
7.24697
4.91846
5.66134
5.00809
6.56952
6.86103
3.73125
1.91109
7.27843
5.88702
2.11137
5.5669
3.8588
3.90839
6.91656
4.07037
8.06425
8.08654
8.23248
5.51288
4.04233
4.24054
3.21801
8.39551
6.01074
7.30723
2.54088
4.59492
4.55118
3.22969
2.51672
4.7691
1.26685
6.31374
3.81266
3.06126
4.09359
6.97217
9.79333
4.58375
6.35726
4.61046
5.77252
1.88842
5.46146
5.08389
6.64466
2.71744
3.60139
4.81935
3.49402
2.19369
3.16732
3.0273
5.85935
4.74211
4.71006
2.88179
4.9908
0.306357
2.93348
4.39035
8.30479
3.76377
4.12246
6.80047
3.7134
5.52906
1.93418
7.51222
5.60842
5.80779
8.48258
5.55701
7.22165
3.18909
4.23522
4.31907
2.50398
5.80374
4.91865
5.84108
3.51404
1.91387
7.97804
3.03816
3.36979
6.48743
11.4357
4.9356
5.76116
2.74585
3.13753
4.95364
4.08009
2.92468
6.21842
5.02781
4.57342
4.34598
5.55499
7.2147
6.44222
4.86372
4.8361
0.126317
5.185
4.09148
8.17998
6.07576
5.36748
1.8784
3.49856
7.5062
5.0343
4.85403
2.78064
4.62969
2.20174
1.51298
1.34376
7.27893
5.32747
2.93936
1.55481
3.33286
4.37533
5.21253
6.17358
8.9007
5.43534
3.86593
4.74691
8.50349
5.94325
3.88103
7.68675
3.37451
5.33783
3.25669
8.75793
7.66924
5.41914
6.90214
5.26317
4.80554
2.8145
7.29125
1.75542
7.13419
5.03103
4.11257
6.99323
5.52725
3.63568
4.35391
3.61303
7.02787
2.24785
2.74324
3.3017
7.62838
2.45786
2.31054
5.91931
5.75048
1.55773
4.47268
4.91496
3.07819
2.67064
7.14633
9.60301
5.8533
7.82224
7.81955
5.83236
4.87676
3.29241
-0.504238
1.42688
5.02882
7.27321
3.84242
8.71838
4.28612
6.43372
2.72863
4.81082
7.29275
4.09212
3.05513
4.58236
5.54377
4.19427
2.82718
4.5994
2.78681
6.5733
1.82867
4.85951
5.30717
3.33563
5.037
6.0431
3.26946
4.62807
5.21912
5.52913
4.01022
4.02761
6.29479
4.67073
5.43466
2.64976
2.68556
3.82251
2.14156
3.97658
4.27475
7.00297
2.36962
6.13333
4.45487
3.39322
7.01958
6.69887
5.70932
3.7557
3.21449
4.81542
4.84351
10.2958
1.55901
3.53095
6.95164
5.52764
5.76222
4.20903
5.27882
6.4186
6.73733
5.60933
8.30427
8.14986
8.52276
4.89201
3.84951
3.44668
4.8843
2.76452
2.83574
3.36877
3.3988
6.90882
6.09188
1.91613
4.07911
3.02626
4.21438
5.70401
6.74817
4.87959
4.31648
7.71773
5.92733
6.89302
4.74003
4.58594
6.28446
7.75255
6.05854
4.39506
5.47272
2.87123
6.15974
4.33081
3.34601
8.16369
4.232
6.2548
4.52369
7.99013
5.21569
4.56607
2.18839
8.4834
6.75903
9.11663
4.77785
7.05761
2.66308
5.82983
4.08016
7.06882
2.25037
-1.30585
4.81037
3.1161
6.0157
4.79066
6.68101
3.76461
2.49542
-1.14317
3.71056
2.46229
6.02283
3.0833
4.23853
1.30918
5.26329
1.66753
3.09698
3.42466
5.31807
7.55378
1.96972
6.87835
4.24986
7.81561
5.521
5.22896
6.69179
8.91248
6.32961
7.18431
4.11883
3.73414
7.06062
1.55227
3.34018
7.15433
5.49041
3.58245
5.09987
6.20841
4.32169
11.9717
4.96091
8.52829
4.00576
6.36308
4.55912
6.93486
2.63296
5.69065
2.03286
4.27733
4.30916
3.79842
2.92754
4.85278
3.48442
5.52939
5.21793
6.75655
6.47724
5.92141
4.85224
3.65108
2.57355
6.19898
1.79679
2.252
7.82515
6.02465
6.89361
6.78511
7.0378
5.44588
4.76634
4.80175
8.22931
4.46014
3.03664
6.37598
7.50442
6.47539
3.91623
2.78992
8.57296
6.8512
4.8812
7.53816
5.30913
4.30487
3.23696
6.00432
5.81186
2.17084
6.13668
7.71527
9.65724
8.0217
3.93796
2.2633
5.12843
8.69199
2.89691
4.54556
4.15564
4.83291
3.9786
2.82714
5.62046
6.77327
4.48227
6.55374
3.87385
5.78126
3.59671
3.01965
3.67818
4.41047
5.99091
7.65453
7.64617
6.35207
6.45309
9.06315
4.33293
4.32156
5.3616
5.98882
3.82941
7.27893
2.92613
4.88416
5.86414
5.16271
5.18076
5.89173
3.90989
4.11542
1.46309
2.73159
5.15186
6.0278
2.42575
6.8725
1.99577
3.33884
5.17149
8.34833
3.76046
6.07113
3.08031
5.78919
6.47555
2.77757
4.02193
6.22145
1.47843
4.24133
4.88105
6.35333
5.53682
2.97949
8.08116
4.30996
4.63662
7.02425
6.16499
7.76396
6.97469
7.42533
6.46276
5.13074
9.14561
1.88019
5.84576
2.40659
6.08063
6.34019
5.03319
6.73102
4.24385
7.91061
6.22883
8.43022
1.95716
4.50203
6.74617
4.32206
5.0953
5.03272
2.2875
1.37198
4.65561
6.48696
6.638
4.16714
2.80919
5.45913
3.94437
8.49865
8.68021
4.85559
3.28007
4.96569
3.23572
6.56696
7.82161
5.52769
4.35231
7.93891
5.18421
6.21056
2.20543
4.78591
5.44337
4.6881
5.09331
4.96425
3.54611
3.5721
5.82481
1.91251
5.4376
7.3421
7.85111
6.98245
3.57324
3.76495
2.53493
6.58204
5.1378
4.17981
3.21259
1.90581
4.88341
3.39814
3.88422
6.18468
2.74188
4.27421
4.62018
6.33261
6.55926
1.96978
1.05715
3.60986
4.71937
0.402872
4.24514
5.49534
4.1761
2.26573
5.59336
2.32697
3.87102
6.24845
4.05607
6.6889
8.26107
2.37487
0.733494
2.05748
8.04671
3.88016
7.84056
7.86337
1.92404
5.8201
7.63937
2.75594
6.40028
4.09275
3.1715
5.53282
4.57016
5.12857
7.08748
5.29777
4.49618
6.05758
7.72844
4.96374
5.1687
5.12751
7.11988
7.84054
1.70266
8.45886
1.56279
5.0944
3.34467
2.61153
5.23356
5.51075
3.79062
4.43707
4.98853
5.08719
6.11156
4.11323
4.83685
6.96038
3.92006
3.58148
5.80917
6.97399
2.61306
4.91447
6.52349
3.87972
3.13234
7.06182
4.72587
4.2291
4.3324
5.56578
7.59943
3.08171
5.85179
7.40018
3.16241
5.61169
4.57821
5.75636
6.13059
4.75014
6.39686
5.36429
4.71687
6.1356
5.31145
0.53279
3.19897
5.73438
5.0024
4.04799
2.91175
7.82051
2.51029
3.34845
6.08799
5.89214
4.02111
4.23921
5.22783
5.12104
4.69342
0.797885
3.5533
5.69465
3.2301
8.52375
6.85057
2.87106
5.37568
2.08307
1.58817
7.59372
3.36991
4.88879
3.93791
3.47853
5.35189
5.67128
3.56188
6.16108
6.07045
5.51367
6.09811
4.78428
2.40858
7.02397
6.42593
2.46983
3.06983
4.89101
2.61725
4.56819
4.74933
3.12226
1.06929
9.37034
4.55898
2.12566
7.06774
3.02126
1.9405
10.3143
7.36235
7.02878
6.59204
5.57413
4.56954
4.97385
6.85492
6.11359
5.64645
2.63877
1.53393
5.61518
4.68832
3.97919
2.9381
7.25513
5.4965
4.10311
2.59725
5.26638
3.01579
3.82281
5.46774
5.96683
6.89664
6.57376
0.158582
0.0266274
8.8528
5.30951
4.70343
6.60074
4.55884
8.55074
7.48655
6.10904
3.4461
5.77798
4.48604
6.67545
5.71045
3.5732
2.50272
2.66659
2.84925
6.88697
4.79876
6.31028
7.88791
5.22224
2.29368
8.15118
6.34753
2.9316
5.64161
3.65433
7.56173
5.81926
6.22246
4.34667
3.56951
1.02043
2.97157
5.97849
5.37521
1.34057
3.26724
5.92614
1.99608
3.64021
5.86824
5.47845
3.50171
5.79131
6.06996
7.3332
3.6767
7.42061
7.30735
3.99273
2.54218
3.5389
4.95696
5.38382
4.49924
4.93043
2.80393
4.62787
4.47312
2.84463
5.53448
4.16403
7.56465
1.20404
3.56356
6.19298
6.28779
5.91986
1.73768
7.31017
8.07926
5.51312
1.77548
5.05162
6.90614
8.66801
5.54964
3.93399
4.7673
3.33802
5.13657
6.6558
3.94025
2.95209
4.28598
5.62927
5.94248
3.63792
7.07231
2.30001
5.5822
4.67838
4.23307
2.0639
3.99636
5.45757
7.1378
8.91823
9.65307
0.299259
4.00602
3.9731
3.76828
8.4929
5.02057
6.47801
4.605
3.43157
4.93132
5.78691
4.22016
8.18418
2.0594
1.53549
5.56677
7.22627
4.89023
4.11693
3.03873
5.04229
5.69057
2.83828
7.39871
1.34163
2.96506
4.41601
6.41302
5.02648
4.97837
2.42215
5.23097
5.18594
6.38405
6.12085
2.71902
8.20302
5.32823
6.33074
4.07023
7.26143
6.52768
3.76825
2.20352
5.81362
3.06184
6.83601
4.91461
0.605558
6.19094
7.90094
3.89103
2.25287
4.78054
0.340128
6.80253
4.83782
6.74663
4.63782
6.3625
5.15904
5.66816
5.65112
4.09818
6.46255
8.17562
3.55226
3.8606
5.90307
3.82385
4.3268
3.74875
6.75871
6.48426
5.48291
5.70092
-0.0986713
2.7851
9.15372
7.94713
3.41843
4.98553
2.56112
5.9355
3.81721
4.33827
4.57388
5.79664
7.24647
1.98453
2.35623
10.4252
9.67885
4.86055
3.72469
3.88957
7.40323
3.18377
3.03684
5.3619
5.58852
6.87901
5.43439
2.97347
6.1774
7.51307
7.20215
5.98323
2.62411
-0.65889
7.69375
4.0117
8.86764
7.50166
4.9755
5.056
7.66198
4.90203
5.88507
6.34889
5.85639
9.25844
5.69257
5.0266
4.09079
5.15597
4.27423
2.89158
6.45011
5.92089
4.68156
5.04714
2.82525
2.32582
3.63471
9.18122
3.53963
7.0193
4.06761
9.16124
3.89564
6.92158
3.87662
6.19847
7.07068
6.89467
2.2036
3.27951
8.58761
5.34946
6.80048
5.16892
3.79253
6.06821
5.36868
6.70093
4.84147
5.86632
-0.184276
3.52035
6.46323
5.16526
4.79843
4.52121
2.46719
2.67903
6.93573
4.91929
1.60202
5.57758
2.86236
6.50448
4.43928
4.33176
4.09159
2.79934
4.74597
1.45562
4.98023
6.61424
4.00787
4.42168
4.87983
4.77479
6.37702
5.83581
6.04537
7.40329
5.87606
6.02126
6.86509
6.84465
6.50363
3.81334
6.55112
3.54068
2.43072
1.9538
4.76577
7.31684
4.00282
4.07089
4.35376
6.19688
5.18074
1.32763
6.9198
6.76012
3.08942
5.77532
8.08798
4.55822
1.65903
6.85849
4.28324
1.71226
3.58534
3.56676
3.33021
5.39921
5.17071
2.91851
6.11681
4.33166
3.60046
4.39956
6.24638
4.44545
5.4477
6.78936
3.5126
4.25558
3.28067
8.54443
7.74664
2.93962
4.65492
3.55108
5.55638
3.47298
1.93311
4.60834
0.886997
2.252
4.35495
2.86463
1.75893
8.01544
4.16437
3.6185
2.02348
7.60268
3.10925
4.08762
5.26242
5.2251
6.69601
4.08173
5.86515
5.958
4.95111
4.33608
1.93062
5.87357
7.85198
5.67254
4.21418
4.01454
6.30152
5.92952
6.17409
4.44085
4.8405
6.38347
5.68341
7.03696
5.24602
6.74463
6.44307
5.68508
6.01244
5.95136
4.37771
7.25683
4.1103
5.79857
6.80417
3.22468
5.08291
4.98815
4.51201
3.10402
3.97793
4.18179
4.02567
8.00215
5.31333
6.65169
6.05468
7.36246
6.43791
6.47426
2.38713
7.50067
5.20092
7.11968
3.15516
3.39895
6.95355
4.48438
6.67042
6.07375
6.33028
5.06241
4.01616
3.54271
3.79011
5.67183
4.65536
7.95616
3.98505
7.29532
5.09286
4.41793
4.33011
3.18635
5.05727
4.48151
6.95011
7.75908
4.41631
3.12677
4.10345
3.17198
5.3012
6.11093
3.1066
-0.808991
4.83711
3.8065
6.25992
6.32046
3.70776
6.24767
3.25856
4.68793
3.09796
6.43078
6.12387
6.82096
2.44614
5.45074
2.8489
4.21711
4.3771
5.85544
5.46625
3.62176
8.39462
1.24564
6.02242
5.49483
9.79413
2.48897
5.54492
2.66597
1.8954
-0.166185
5.0003
5.41156
3.2017
7.26686
8.83769
3.18852
3.11627
4.05645
6.42542
3.93132
2.33333
6.40419
3.25209
4.33162
7.64904
4.76871
4.67869
6.8274
4.11366
4.06003
5.70257
3.4655
6.02264
7.65221
6.50542
6.41634
8.14655
5.69131
4.43028
3.55928
0.184491
5.57341
3.04911
4.42827
1.97133
4.782
8.25149
4.58
5.269
4.97574
5.44627
2.98369
5.08421
5.5125
6.79446
4.03366
6.01967
7.44176
2.3699
4.40205
4.33666
2.46872
8.00044
4.16842
4.08187
6.3874
6.35704
8.14142
2.73701
4.57844
2.7682
4.46721
7.82291
5.55505
5.24461
0.673632
4.53294
5.15806
3.33272
3.47096
0.40031
4.64784
4.29926
0.488727
3.83087
4.74031
5.92818
7.50786
5.33379
3.02023
1.99023
8.38358
3.19733
2.88408
3.07929
5.07828
7.54268
6.0797
8.13978
8.93782
8.15712
6.51618
7.5974
6.15133
2.45056
3.90899
5.81925
4.94187
3.59313
3.32166
3.8339
7.83803
3.58266
7.87081
5.63455
1.55347
5.04376
5.73685
8.30674
3.56166
4.22979
2.70171
7.00953
4.90349
5.43579
2.30532
4.06428
6.62492
7.84936
4.39347
2.26129
3.0849
0.998261
1.93328
5.58563
6.45263
5.24795
3.69517
3.02994
3.76485
4.64603
10.4557
6.07512
3.97371
8.77689
6.23741
3.37663
4.30236
1.96336
7.71107
4.32033
5.0295
5.41401
5.59325
2.23274
4.979
3.38479
3.60008
4.10777
6.22197
4.11415
6.47351
7.27864
5.66592
4.97579
4.75836
4.41018
5.20035
6.5753
7.08301
0.998867
5.17053
5.34746
3.86691
4.68993
2.73453
5.02574
1.61886
1.96054
6.13547
7.29393
2.46507
5.98133
3.70699
2.03185
4.19258
2.65868
4.02116
8.71191
11.0341
4.29448
4.64617
5.83174
3.77281
5.21151
7.61618
3.94806
3.32399
4.86131
6.12037
5.98029
4.12375
6.76812
4.94978
3.38917
3.74585
6.90186
1.82574
4.88499
5.11264
4.91382
1.85867
6.70605
5.41979
7.1223
3.47082
5.99953
4.98998
3.41091
4.06476
6.25464
5.51288
2.91897
6.42884
5.29626
5.64313
2.27522
4.30229
8.20224
3.20727
6.37544
7.24841
2.53327
5.94165
5.70124
6.90641
1.9371
6.13687
4.82113
10.2174
5.27177
6.65796
0.831658
2.98023
6.46609
4.52609
5.88894
4.66022
4.97975
6.55447
1.20992
8.26399
1.91124
4.93726
4.41598
2.85943
7.75405
1.70476
5.67184
2.16743
4.35913
6.33488
6.3928
5.51404
2.17045
4.08641
3.51758
5.21004
5.6326
1.639
4.03713
6.21652
5.51008
7.96878
6.34053
6.00545
4.91258
6.00287
4.47003
5.09341
4.24647
5.23987
6.1664
8.34135
4.32492
4.56889
3.35824
7.45026
3.88851
2.66942
3.72066
4.71273
4.38804
3.20336
2.64304
2.71019
2.52081
6.66477
2.80105
6.25462
5.00176
5.31412
4.49153
2.07625
5.79951
1.7096
5.49015
5.26224
4.84729
5.40569
5.09378
4.43288
4.74169
8.22736
2.82967
6.21141
5.02145
6.4461
9.28339
5.85567
8.1428
7.38408
2.52358
3.7988
4.86555
4.94008
5.85929
5.741
3.25311
4.17416
1.82707
4.81465
2.29197
5.06906
0.133341
4.13219
6.90333
-0.247873
5.99746
6.76776
6.49417
3.5964
7.75364
5.9733
3.2067
2.41095
3.865
1.5766
7.516
6.11248
9.36089
4.25772
5.12892
5.31206
4.57744
4.47382
5.48802
2.40262
6.23423
5.65068
2.77918
2.08826
6.48901
4.78286
5.48965
6.53374
6.32445
3.74172
1.21142
3.84659
5.34339
5.2696
7.02993
9.03056
9.62843
4.38133
5.37699
7.51607
4.50986
4.10472
4.00441
3.42308
3.02605
5.86948
3.82544
4.69193
4.06588
5.48288
6.01763
2.82098
4.47238
4.66073
7.19098
5.33661
6.05015
0.682095
7.70689
2.86446
4.0262
6.79581
5.85693
5.72522
6.12612
6.65155
8.45936
0.814386
8.13796
-0.58293
7.56653
7.4498
2.72405
6.21493
5.02812
6.05159
5.79123
3.87055
4.84242
3.66783
1.97037
2.15427
2.2258
2.45351
5.75006
7.05906
5.42019
4.82974
3.07554
5.53127
5.4576
2.23807
6.30423
4.56411
3.65963
4.9928
3.47966
5.59258
5.58271
2.31534
7.18095
7.91199
3.52008
5.79372
3.98083
7.51696
5.35643
7.38103
4.34356
5.71955
6.66399
7.58029
3.82753
3.45109
4.19575
4.75346
3.01507
7.1072
7.22733
5.49307
6.27651
2.15792
5.41778
4.88146
4.20395
6.50578
5.51815
5.62443
5.2511
2.05128
5.27789
5.75511
6.44266
9.35847
4.77092
4.24071
6.43931
3.4906
2.23182
3.9731
5.27032
6.61238
3.65006
6.33601
8.92059
4.54123
1.98149
4.38661
1.44062
3.24683
5.93152
5.68922
3.21569
2.87193
4.88252
5.30343
9.0513
5.41917
5.21996
6.56573
5.2503
4.45459
4.78578
0.118835
4.72707
6.66868
6.50337
7.16674
4.7004
5.8091
3.82535
3.44062
3.76038
9.05824
5.28105
3.56297
6.37485
5.46273
8.45772
5.84043
4.62052
8.63729
4.12343
3.93706
1.77359
7.53599
2.66248
5.08363
4.45201
5.67593
4.55338
1.563
3.51406
2.48923
5.78979
6.48792
3.75888
5.35741
1.63203
4.67525
3.03421
6.20574
8.90144
8.30809
1.5512
-2.09445
6.94165
3.39224
6.34476
3.34337
7.13945
1.86659
3.66186
4.43899
3.2447
4.4787
1.56365
5.73251
4.05307
4.73712
6.93488
4.82629
5.70641
5.58047
0.676511
7.18019
1.39063
5.01198
3.59059
2.42312
5.56736
2.39455
3.86108
3.03953
6.44994
7.79984
1.51685
3.51371
1.07654
10.8091
4.09582
1.77604
4.00022
6.47332
5.23828
3.2679
4.66429
7.21811
3.00647
6.65059
3.93456
7.91152
2.12568
4.44477
3.22978
2.33134
9.52755
9.5032
4.47331
5.93253
6.9037
1.69222
4.02441
8.27413
2.39647
7.12152
6.35092
5.91294
9.35238
1.59344
6.54507
1.57624
2.86082
7.45664
4.91762
3.60531
8.01621
0.658819
3.33943
4.60703
5.42282
1.74505
5.52392
4.90218
9.23083
1.48156
1.49287
3.11384
3.4413
7.09667
5.74714
5.34832
6.37062
7.69193
4.75677
6.78043
8.77528
3.27883
1.84913
7.17889
3.01019
3.70586
5.45208
4.52053
4.84166
7.89408
5.96582
4.17856
8.49907
4.17492
6.00835
3.89498
5.38211
3.08323
5.99379
4.12819
4.07214
7.03622
5.11009
7.59535
6.19856
4.96804
5.97017
4.38491
10.4198
2.65797
4.9384
4.69584
4.73816
4.13584
3.26676
1.04068
3.36979
6.18649
3.93658
2.15443
5.72183
5.61906
3.81649
7.34228
3.34112
4.14413
4.20865
6.89544
5.41137
4.86457
5.96525
3.79261
-0.384595
7.44016
4.04341
5.19268
0.108979
3.14519
3.97991
5.83347
5.73282
7.54162
5.45222
1.77177
5.61699
3.43938
4.45828
0.514038
1.92155
3.40223
7.40019
2.98283
6.64625
7.79141
7.67081
5.66923
3.10285
4.94822
5.41792
3.61382
4.58732
0.38098
6.03154
3.66443
2.33865
5.86736
8.09387
6.55155
8.36253
3.03294
4.29421
4.99457
5.86944
7.24648
4.83574
4.60643
7.4498
6.13174
6.4122
3.63836
6.51993
5.61165
5.10259
1.80071
4.04416
2.51367
3.78166
4.59446
5.82709
4.88054
8.37442
5.32859
6.76574
4.68305
1.61939
5.20283
6.56284
2.94231
3.17679
7.85214
3.65123
7.6601
1.95085
4.30147
6.06887
7.47133
5.73678
4.99745
3.63615
5.52593
6.65642
4.19632
8.41021
8.41874
5.04092
4.48413
4.46584
3.16466
7.63846
5.7134
4.23308
1.53224
4.93537
2.58602
4.1544
5.48947
4.69598
2.93912
8.31284
5.66265
5.76309
1.54979
2.73432
5.78853
3.45651
2.2906
4.10248
2.85218
5.956
1.80961
-0.625495
5.13755
3.92078
4.86046
3.02011
2.15917
6.00426
4.06669
6.17482
3.98549
4.06705
2.66836
5.21217
4.73166
7.33329
6.38918
2.87957
5.89065
2.24307
3.95259
8.74558
4.2199
5.75944
4.91069
2.55846
4.24393
5.33744
3.32795
5.70677
3.25839
3.99349
7.17196
5.5126
6.05698
5.87521
7.96958
6.02664
2.61141
3.24572
7.22127
9.17979
7.12032
7.21498
1.87672
4.45321
3.63915
6.87853
5.01654
6.02217
6.2619
7.86096
8.96382
4.45905
3.7218
5.26585
5.43734
3.19908
3.57839
5.27571
5.18349
6.42479
7.22494
6.04947
8.41059
6.42725
7.49968
6.30546
2.79454
4.502
5.87688
6.24968
4.40211
6.28435
0.884144
2.13331
4.1242
6.50636
4.65304
6.16407
2.47212
6.31566
6.17238
3.92115
2.48465
5.87186
4.1266
3.25011
7.35131
10.1479
3.48976
3.62819
2.30365
1.9563
1.30096
4.0027
4.09302
6.50377
5.58241
1.47191
5.67573
6.19672
4.13928
2.85419
2.44619
3.92389
3.47618
1.93814
8.18598
7.00447
6.42441
4.66
4.04348
7.27894
4.48692
1.66115
5.38118
4.47693
6.90845
3.55337
4.98051
5.52457
4.26909
2.92331
8.58482
7.42709
4.73185
6.85243
2.70763
3.6502
7.04065
5.66721
3.56628
1.86284
5.55542
5.10606
3.42421
10.2318
1.85105
0.94815
4.37669
1.06158
2.95928
1.49544
7.08985
6.88615
5.12382
6.49536
5.43867
5.38144
2.798
6.35732
6.7847
5.59607
6.13028
4.12217
6.00295
2.23833
2.00685
5.03226
6.63692
3.20324
6.30245
3.5187
3.23881
2.57877
2.54282
5.01577
3.51853
5.12702
5.73817
5.77422
5.58408
5.98207
7.42491
5.05422
3.54787
3.8566
5.81833
5.96835
5.64906
1.11038
0.224906
6.43013
6.89876
5.87082
4.8169
3.66688
5.28443
6.88706
5.31108
2.87528
5.45699
4.26654
2.50961
4.45536
1.26086
5.53098
-0.541998
5.35175
5.87303
7.02707
4.08476
3.85165
4.1504
6.44366
4.36636
4.69688
7.49205
4.11095
3.3913
6.27396
4.76823
3.14807
6.23899
5.72441
6.70196
5.82751
5.81537
4.50293
2.05711
1.77125
2.9096
4.97511
1.89798
4.32408
1.48818
3.57663
8.51154
5.5872
4.30319
2.70279
2.96659
4.53462
6.28177
5.90429
4.41501
8.81306
3.47896
2.90356
2.41917
2.676
3.81858
9.46635
2.33312
5.80894
6.38033
8.27282
5.8608
8.36275
5.74475
6.12011
2.99645
0.901223
8.50255
5.69226
4.33025
2.05099
5.99559
2.67386
5.11622
5.90202
9.87399
5.8205
8.97104
6.56445
6.81997
7.82108
6.11169
4.60499
5.30667
5.52261
2.48195
-0.59883
3.14271
5.73246
3.11966
1.92665
4.01919
7.16784
2.01075
5.90972
7.47109
5.22444
6.00468
3.49307
4.44604
5.14396
7.3539
10.1375
6.86691
5.18254
1.95936
4.79537
4.79357
4.2647
6.92408
4.66996
1.90134
3.78013
7.05634
7.04273
5.04888
0.788649
6.33283
6.1596
1.12206
0.941385
3.54582
3.95026
6.08444
1.62096
5.60825
5.06476
3.31805
5.9871
5.77536
5.83729
6.49148
6.43801
5.16897
3.73469
5.70856
5.58041
7.14984
5.80658
1.51919
7.22995
6.97518
6.3362
6.63522
5.79497
1.20638
7.03146
3.929
5.9431
5.14783
3.27758
8.81432
3.50719
8.06615
7.55633
2.98884
6.34752
1.97762
2.19431
1.28292
7.70337
3.33827
7.94589
4.74323
6.04773
6.18156
7.94629
2.25604
2.59447
4.66648
4.62012
2.76713
4.71183
5.32992
6.63984
1.66973
4.31451
7.47649
4.85632
4.8041
3.54093
2.86779
6.44002
7.8438
3.19324
5.57462
1.28392
4.01636
4.12181
6.05025
4.98008
4.64535
6.34001
6.13277
3.22584
4.47801
2.03899
5.76053
4.80092
6.29736
4.58635
3.93214
2.73855
3.52171
6.80294
5.06198
1.43473
3.7241
-0.154646
5.13283
3.85557
3.30252
4.23211
2.59821
3.74223
3.87225
6.03905
8.27846
1.71032
5.33231
1.44852
6.75411
4.25382
5.067
4.59575
4.17535
6.43638
2.4928
7.10715
3.18515
4.9208
8.47229
4.97977
4.38983
4.5536
1.81858
7.95744
1.47528
1.80552
1.75306
1.20518
2.76241
5.74249
4.57956
4.17037
5.24892
3.06711
7.39434
3.09616
4.89214
5.95434
3.51913
4.34503
4.3543
5.69006
1.01813
3.15036
5.81819
3.92758
5.74318
6.46629
6.36854
3.98609
5.79468
2.57115
7.20685
4.65232
3.64997
2.06706
0.701478
4.34075
6.97856
6.00017
3.78771
7.47931
4.65984
3.04621
9.44254
5.6511
4.56609
0.191968
-0.206872
6.35774
6.1119
4.12131
8.12069
6.62384
4.65128
6.03651
7.81078
5.51892
9.0314
1.65645
3.21984
3.95523
5.39376
4.31366
-1.60403
4.83423
7.46103
6.33594
3.59721
5.51995
6.57342
7.12998
4.28239
6.48567
6.66688
7.47087
7.70338
4.14767
4.23411
2.17253
6.97734
6.04645
7.2373
5.28066
4.89812
4.00155
4.95288
4.18324
9.19179
4.63044
4.17946
5.13517
4.2328
4.98576
0.998178
6.46081
5.77168
5.29152
8.0674
2.65718
1.64845
3.13014
6.96607
2.45286
6.27068
7.87848
6.26289
0.00964971
4.99193
5.56226
4.38043
7.47242
-0.420775
4.81793
1.90012
1.09655
7.01863
-0.860824
5.37971
6.08541
4.77856
5.62641
3.61834
7.36333
7.5183
3.8936
4.38541
4.57234
4.55431
5.26439
5.95628
5.69242
5.10835
6.5673
7.72728
2.46832
5.8743
2.62699
4.89839
7.87384
6.99417
3.81401
5.84639
3.28809
3.27214
5.12794
3.46529
6.7656
3.40498
4.59759
5.23874
5.38424
3.75708
5.19038
2.77193
1.92724
3.07362
4.19999
5.95963
4.50778
5.4524
2.95841
4.59357
6.99513
3.91977
4.49319
4.63198
6.3344
3.76352
6.05223
5.08488
4.7963
2.30999
3.6583
6.19588
3.78303
5.55896
7.91755
1.65309
1.15833
6.08049
3.77882
8.42477
6.38737
1.41795
4.35028
3.18007
6.86819
8.02497
5.23968
5.83127
5.35126
2.70518
5.14955
3.61463
4.69381
6.49169
7.71935
3.07149
4.21436
4.47615
3.4874
8.69526
8.53946
2.96587
3.50777
6.50981
3.2664
3.28195
5.13658
4.68165
4.72782
2.74593
7.77307
3.634
5.19964
6.4795
6.23604
2.70389
7.22476
4.66244
5.65621
5.46034
4.1443
4.43769
5.07584
5.97588
4.0372
7.93184
1.39997
3.18596
4.73378
4.5017
1.72974
4.10276
5.20245
4.90138
5.08529
4.07803
5.59719
-0.742618
2.59897
5.30722
6.37046
6.91697
6.1548
9.15455
2.7966
7.22212
7.39008
6.45008
6.44913
7.73568
2.57568
4.18515
5.50064
6.82269
3.0906
1.60903
4.38441
4.62758
2.86421
5.62706
4.86809
5.12421
2.62493
7.32328
3.98177
8.21368
3.25273
1.57968
6.0287
3.53567
5.01778
3.74745
3.19101
7.81101
8.0965
2.50219
5.16458
5.87405
6.6246
1.51
4.52977
5.1685
4.25309
4.55149
6.72917
7.03123
7.0526
6.65204
3.64183
1.17367
5.27138
3.67636
4.62087
-0.673089
9.12318
2.51658
3.51131
4.98636
4.6862
3.77517
6.93554
2.93201
2.42023
3.35997
6.82403
5.50445
5.35888
5.76834
0.156247
8.48668
6.79092
7.55785
3.08149
8.523
2.50516
5.43891
4.13022
9.05273
5.93046
7.28341
8.1958
7.72266
7.97996
4.81195
4.30773
4.62702
5.96545
5.19413
3.6065
7.18948
5.81027
7.84376
3.56626
1.77959
3.84843
3.97338
7.88993
6.68421
7.67847
-1.09617
5.32201
3.95507
2.84353
6.02728
6.21989
4.32894
7.78534
1.6081
3.99422
3.4134
7.55297
5.5769
5.33978
1.64163
2.01709
6.44071
3.95376
5.81003
2.32764
6.91284
4.61734
5.18347
5.23437
1.26008
3.70651
3.75259
3.24402
3.80416
8.78374
2.64211
3.18019
6.11714
4.59042
4.87354
4.07789
4.9854
2.93181
3.72455
6.27523
5.66559
8.98137
5.72018
5.57987
5.51071
3.64071
7.01085
6.36477
6.26118
4.60276
8.31041
3.99118
6.55473
5.77788
5.32811
4.77712
4.74368
5.69499
7.62302
5.23003
4.97539
3.96408
3.09927
4.51991
6.90279
6.69146
2.79246
3.95741
8.3656
4.83024
3.42107
6.96099
3.10927
5.06565
5.09314
8.19326
5.3406
6.37831
4.37793
3.54552
5.51761
1.35617
3.91108
5.05773
4.86298
5.39812
6.54604
4.95063
2.70083
5.06877
7.44881
1.7663
1.82195
7.22261
-0.302217
6.34132
4.89176
6.87845
4.89261
6.4108
10.6154
5.7735
2.38131
6.83839
4.59178
2.46961
6.38803
4.65415
8.11029
4.42182
9.0025
4.28407
5.3359
4.6501
7.27099
4.09916
4.93931
2.30021
8.61186
4.81012
3.67101
3.39138
2.87979
3.26336
1.5789
2.63707
4.87079
2.41861
5.57903
2.51309
7.37959
5.26676
5.72848
6.5182
1.59225
5.82172
5.88198
3.66706
7.47978
2.2023
3.63011
9.04503
8.18674
7.82261
5.81298
5.3228
2.85154
7.02996
5.73598
4.46426
4.31051
2.82001
3.80788
7.22437
7.69497
6.51123
4.62116
5.00793
3.53048
0.185581
2.39277
1.54188
3.68918
6.31322
2.53392
4.78069
5.72244
7.70918
5.26772
5.75325
5.49819
8.99912
1.98486
5.15005
6.15028
7.19789
7.33955
7.76956
3.46618
5.42075
6.80615
4.94633
1.96273
6.66988
3.09874
10.2259
6.21911
2.18533
1.93545
8.33661
3.81272
6.62747
5.8521
3.08531
1.27413
4.14436
4.85396
7.72736
1.0561
5.88359
6.70094
1.55343
4.35997
3.67316
4.63104
6.26574
3.63924
2.78322
1.15855
3.92768
2.56207
4.13219
9.6009
4.80327
7.17364
5.16624
4.14855
5.0417
6.68139
2.48229
5.30888
7.00988
3.63179
6.62679
4.7803
6.57294
5.97499
1.52512
12.9476
3.82244
3.69114
-0.0701054
3.05546
5.27457
5.37708
6.528
10.5122
5.02469
9.31532
2.29128
5.13794
1.35925
3.77821
8.10356
5.14241
5.92326
5.57091
6.64414
5.44762
8.11561
5.81985
4.01128
5.48
3.8161
3.81569
6.84022
4.13817
6.94111
0.531786
6.50788
2.13487
4.35991
4.28264
4.94172
9.13026
3.39589
5.0879
7.01169
3.63971
2.31892
4.99352
1.5012
2.14314
5.7466
7.02561
9.27604
6.43208
4.60441
5.93747
2.26775
4.15958
7.43749
1.60988
7.58035
5.94028
3.71025
7.4325
1.30327
4.85383
3.09855
3.80453
7.24892
1.36926
8.50875
4.59804
0.700393
4.54267
7.87194
4.54321
3.06388
5.26093
5.27971
8.34109
4.80088
3.31009
3.77528
1.95179
5.45993
5.43421
5.88342
4.93584
3.8663
7.75027
5.36874
4.69139
5.41235
2.71614
1.61175
11.8739
1.78458
1.36241
10.6926
7.16929
6.36206
5.56269
7.08093
6.59674
4.13853
8.24402
3.57753
3.5126
5.5949
6.91623
3.30418
4.21746
2.71848
6.06461
6.37201
4.05105
3.71296
7.57319
5.58491
3.10844
5.15091
9.01215
5.22178
3.79442
6.14526
4.2771
5.23207
1.85485
5.64549
4.06985
4.08304
5.36804
6.00727
5.70483
5.64415
3.16257
0.505222
2.38809
4.53474
5.34929
7.91618
7.93149
5.08046
3.82803
4.33296
3.17604
2.79931
2.08292
5.59208
5.45584
3.52116
2.14886
4.70081
6.58351
8.39353
4.27418
6.21377
9.1704
5.02021
4.85059
8.10699
2.17351
3.39457
2.61151
4.58408
6.32217
4.34226
4.12416
4.76485
3.29412
2.35004
3.3457
5.16252
7.68997
8.58897
6.82032
5.66117
3.6658
3.81207
3.27303
3.41408
5.14837
4.19316
9.16388
9.03228
6.43909
3.69588
0.618176
4.7723
4.92449
4.10266
6.82502
6.6117
6.45788
8.33068
8.04355
2.62795
5.48216
1.73507
4.56494
5.30277
8.42103
3.75626
6.10583
1.4104
4.2076
2.28606
6.05517
7.51177
5.97874
5.38539
6.02938
1.02032
5.26333
5.35897
3.09603
4.10477
5.42838
7.44863
4.2295
3.22899
4.78547
8.47277
7.63183
6.66281
7.9851
6.34414
0.651652
6.10079
5.04808
5.2485
5.12515
5.03756
5.40552
3.89278
7.36545
2.96954
7.63004
6.54838
4.67578
7.78886
7.06523
3.07449
0.236021
8.85314
5.58926
4.81357
5.12459
6.36242
6.39556
3.05198
8.52674
6.19775
5.61362
8.91169
4.29459
2.54504
7.96047
5.5063
6.26596
5.55626
2.29666
3.53999
2.26213
4.35787
3.85919
5.64576
3.68002
5.30133
2.99927
4.20238
5.62385
5.76013
7.25596
8.01858
6.05623
2.93077
5.78737
6.28704
7.44454
2.65995
3.48175
5.61632
7.13754
5.05409
-0.29935
5.99437
4.40859
2.86878
8.13879
3.25288
2.23105
6.74125
3.05597
0.548176
3.58603
3.47171
2.6836
2.30293
4.48755
4.3368
5.63543
5.12804
5.95852
1.91114
6.04108
1.80119
2.84226
3.97344
2.6613
1.79808
11.0178
5.26079
7.24605
4.1212
5.14044
2.97598
4.80607
3.07358
5.65683
4.99851
6.09333
0.792946
7.08381
5.26395
6.15127
3.39361
6.25236
10.3837
7.79586
7.42187
6.15197
5.89919
2.8612
5.5228
7.0266
4.88119
1.58112
7.16592
5.08706
2.64988
3.06026
2.25658
2.52156
5.70385
8.3792
7.26013
2.41298
2.27593
4.92653
0.885901
5.83906
4.66518
5.87656
4.00616
7.47915
8.47838
3.39577
4.97555
3.58831
5.90327
5.60516
7.46597
4.90446
7.14001
7.64353
2.96068
8.97313
5.5033
4.31312
6.41894
2.40813
6.8962
3.85366
7.57039
6.3105
7.03932
3.70304
5.95218
7.34115
6.80796
5.15305
6.10207
9.02948
5.37377
4.95807
3.97129
6.35601
3.65534
7.93615
4.26401
3.15093
5.64192
4.01296
0.934711
2.46732
4.5976
7.85552
6.93896
3.64314
6.97977
1.53417
3.73884
5.41805
1.39673
7.33223
2.81405
3.94599
4.04685
6.5131
7.01921
5.46331
3.02687
4.70973
3.81097
6.86387
5.08495
1.67137
7.32474
8.74116
5.41452
7.13966
5.11028
4.55998
0.802878
4.87439
5.25591
9.13054
7.41719
6.45365
1.395
8.54264
2.81409
5.30923
6.70272
5.55519
8.02828
3.1786
5.55951
4.1552
3.51833
7.93277
5.64085
5.10938
5.84164
3.5317
10.6536
5.62541
8.90633
5.77661
7.34978
5.73473
0.870678
5.93349
6.02685
4.13987
3.41453
2.48369
4.93985
8.42963
4.48722
8.46764
3.40378
6.83424
2.47167
4.59492
2.35647
7.17768
5.10443
5.04021
8.02298
4.35933
10.0399
5.36917
7.71128
4.76972
6.06991
5.60758
4.06907
5.42221
5.0421
4.35201
4.17232
6.3374
1.69083
6.83473
1.07556
8.99765
5.12501
7.57881
6.02509
4.79356
3.51183
5.57539
6.35089
7.77574
3.36008
6.51574
5.62098
5.91447
5.2446
7.68578
4.76986
2.70744
0.460876
9.4991
7.80806
7.8803
5.69727
7.48954
4.48096
6.11983
7.62273
5.57244
6.84216
4.03679
1.65149
5.61522
6.7502
6.90359
4.36406
2.55284
6.53702
3.4184
4.40968
5.64964
4.49515
4.69302
4.81327
3.43198
2.22545
1.74995
3.08228
5.72857
3.87098
6.18987
7.45704
5.74294
5.07084
5.56375
8.69713
3.08486
6.13783
3.17704
3.19094
5.33317
4.49203
5.03824
6.85151
5.00504
3.33347
1.80505
5.2432
7.45763
3.55102
5.4268
3.12997
1.68868
2.99748
4.59289
4.137
6.68205
5.935
5.38191
3.88936
3.80739
2.90797
9.23958
4.27445
7.94243
4.8349
7.22614
5.59894
5.82777
4.99695
2.91918
6.88641
5.56765
5.04249
3.53232
4.2791
7.50064
4.50505
5.79787
3.3389
7.26531
4.22424
7.21519
2.82948
3.2863
1.77042
4.08131
9.04969
3.91691
3.71103
3.32353
6.73476
6.13104
8.63685
4.37807
6.69116
5.79078
1.33278
4.88162
6.66254
6.9997
8.72061
5.44297
4.18916
6.10049
7.60525
7.02173
4.71752
5.95343
0.668534
6.50378
-0.172603
4.31135
8.83511
5.21981
4.29325
3.78846
3.71164
5.83128
4.06911
5.94692
7.84768
5.17699
7.98277
5.62909
5.09342
6.52313
6.1803
6.71247
5.74412
2.95252
8.42791
5.54831
4.19538
5.18659
6.30044
2.66147
8.0179
3.34455
0.975243
4.27496
5.75066
6.77589
5.86264
4.75856
2.6872
6.18239
2.84433
2.19409
7.4823
6.79933
4.30873
5.00339
4.68122
3.65752
3.88668
2.00857
5.12336
7.22887
5.62419
7.9426
5.0443
6.9096
5.2635
3.50828
2.46012
6.3477
3.13265
7.96594
6.9439
4.24974
2.44794
3.39065
8.42436
3.711
6.6612
6.67253
1.74955
4.77221
6.84626
2.32643
5.84842
2.35184
8.31622
2.40853
5.87393
5.68451
2.30343
4.1999
3.83665
7.90777
4.15993
6.34032
0.648037
7.28168
6.34645
5.72863
7.07553
6.14144
0.900439
5.72835
8.59966
2.66121
1.81172
3.37288
3.53158
6.26782
3.8572
6.606
7.1632
5.62038
10.4567
4.22133
5.68085
5.30592
5.06768
6.44916
7.3291
3.39362
4.98593
3.30276
5.11257
5.96016
4.01745
2.11735
3.21954
4.39038
7.60001
4.36471
3.8724
5.37938
3.76766
6.47327
7.82482
4.50169
6.5353
5.57406
6.65156
0.338363
3.03352
2.89028
2.82851
4.1398
5.77561
3.99833
6.96021
7.87454
3.97882
7.23091
7.02335
4.19397
4.3878
6.30843
5.94455
8.43051
6.987
6.13401
1.1023
2.37914
2.22331
7.33313
3.74249
5.21682
6.80212
4.27582
4.55977
5.83628
0.0515679
5.9945
6.52502
4.38616
3.27468
2.77951
-1.26222
4.20414
3.82401
3.89063
5.95414
5.87553
6.6204
5.40277
3.04184
5.07367
1.81347
7.34796
2.0171
5.64813
2.04867
5.49639
5.64675
6.44163
4.32765
3.88434
3.93351
9.91852
4.62078
4.35015
7.59734
1.6058
5.06804
5.55014
5.31629
4.52623
6.52792
5.33656
4.63017
1.43352
2.80082
7.26802
5.79214
3.93772
1.29051
5.3838
5.35286
4.24119
3.53356
6.32886
0.824708
5.87268
3.84864
4.86005
8.71322
3.45117
5.02113
3.30482
4.13059
8.46022
1.81326
3.46158
6.25606
8.37798
4.4678
5.72701
3.84481
4.47904
4.35864
8.14051
4.82196
7.10828
4.06133
4.94801
6.58297
2.55714
5.97617
6.05489
6.73149
5.39357
7.864
4.98236
1.89533
5.38573
2.47172
4.65987
5.02324
6.22539
7.5584
5.36065
5.97736
4.02602
7.9507
5.28384
5.45823
6.52259
4.6377
5.11489
7.39225
3.74805
4.83267
4.76357
0.184956
6.25614
4.98129
6.8842
6.92259
6.37614
10.5295
6.65091
5.16769
7.26886
6.716
4.22297
4.87763
5.42504
5.38159
4.43471
8.2334
6.41348
1.80634
4.85182
4.70004
5.15114
5.40383
2.66836
2.47105
4.98195
3.71361
5.51424
5.87663
8.43619
6.91561
5.38395
5.63076
9.01904
6.62761
5.78422
0.209905
3.38747
3.72396
8.73203
6.67722
6.30691
6.00817
4.20409
6.42354
3.5362
1.27892
6.88173
7.80992
3.785
3.40071
5.3144
2.13481
4.36714
5.73695
7.96489
6.78679
5.3429
3.04369
6.90546
7.04613
6.10293
4.97431
5.92963
6.32946
1.55748
5.75006
3.66628
2.14274
5.62152
7.23796
2.57994
4.31996
6.07503
6.6653
7.79303
4.49654
5.10557
9.09667
8.3736
1.76748
4.17581
4.03046
5.85013
3.46359
6.75957
4.85745
5.70847
3.21048
4.19753
7.59372
4.84411
4.65864
4.47272
5.24038
8.58004
3.3291
3.29072
6.48627
3.4541
9.01578
6.02764
6.53212
6.66514
5.55834
5.20616
2.47717
1.4284
5.50309
1.60537
4.63588
1.92926
5.18278
3.67254
2.5635
2.54495
7.42261
7.31126
5.8372
4.81306
1.30785
6.19707
9.15039
1.47384
5.59172
5.28103
7.66079
1.57149
0.796664
6.82675
6.44355
7.84079
8.52638
1.51299
4.65648
4.06861
4.15769
7.62664
4.7271
3.06323
5.42045
4.6223
1.95597
2.92711
4.65395
4.42862
7.45894
6.13071
4.35098
5.6618
3.74722
3.11234
3.71417
3.86323
8.57023
5.36156
7.05103
3.86471
4.03102
5.56652
2.50747
2.99586
6.3856
1.06155
4.71058
4.75897
2.61238
5.19794
7.54646
6.59374
9.24382
1.76549
8.39314
4.49504
7.25003
5.13951
5.90293
4.28039
4.07813
3.43347
3.78581
5.56842
4.71074
1.98906
3.1456
5.67976
6.29539
5.37035
1.73976
5.61457
7.13348
5.68098
4.89153
1.56667
4.47822
1.48066
5.50701
5.44087
7.24353
5.22041
4.46443
2.0933
8.88567
5.02628
0.846001
-0.133263
2.05353
6.06978
5.64224
3.29243
2.90697
8.23974
7.82008
3.16173
5.28093
3.13343
3.62325
2.55071
5.4614
5.40495
7.66614
3.1347
2.69457
3.19773
6.11942
2.53047
5.16837
3.48581
5.17603
2.39217
7.98328
7.91406
4.62058
7.6034
4.46728
6.0788
6.21946
3.34916
3.61277
4.55604
3.89372
2.59203
8.41298
4.68272
5.01326
3.48048
6.04303
5.9951
7.81736
4.73528
3.88699
4.7985
6.22564
5.5383
5.14474
4.6168
5.69587
2.34823
5.95352
4.88841
6.5124
3.24796
5.59419
4.54517
3.69109
4.89706
4.85208
8.36212
5.27555
8.42506
5.77256
6.89199
6.65008
2.42496
6.1452
8.09765
5.1484
3.94734
5.91323
3.9439
6.32363
4.07649
5.02538
4.86526
3.21254
4.89839
2.81805
7.6862
7.57143
4.61742
6.78757
5.90321
3.04149
4.04834
5.79114
2.78954
3.32301
5.7865
6.04749
3.68473
4.05563
3.02999
5.23567
5.33703
3.81798
4.29412
5.71431
4.99268
6.24843
7.89199
1.67843
6.44475
6.76996
2.69936
7.57238
6.09236
4.35654
3.12215
5.39759
7.64074
4.82227
6.85479
3.15282
6.92796
8.49374
4.72101
5.18319
6.5298
5.50975
3.05566
6.53576
3.04829
5.55421
1.31437
7.77961
4.77821
6.11756
2.06486
6.51845
4.79448
3.4345
3.24069
4.5107
7.94061
7.32555
4.0285
6.39459
5.07711
6.06853
8.81654
4.98891
7.86672
4.15757
5.41711
6.61675
6.94908
6.20464
4.17962
8.45442
7.9811
6.29913
5.59641
7.20354
5.26266
3.93457
3.95881
5.79411
3.19948
4.31558
6.73413
8.81916
7.54159
5.21993
2.9716
5.88549
2.91857
2.25514
6.13078
3.51337
4.99716
5.81056
4.57124
5.00983
7.80431
6.31789
6.25706
6.76884
5.65016
6.44006
3.42265
3.23589
5.8507
9.47205
6.15567
1.38249
2.71357
2.5745
5.09109
4.01923
6.54019
2.18431
3.64336
6.68079
4.14989
1.08162
7.41647
3.16435
6.55646
5.99881
4.15676
2.85987
4.39957
9.03309
3.27127
4.91875
4.17952
3.58133
6.27546
6.54413
6.45908
2.79856
6.81563
4.35012
2.34486
1.86626
6.224
5.51132
6.58455
5.00016
4.77244
5.35228
4.29725
5.71188
7.63724
1.45155
4.5456
0.937051
7.15109
2.24834
6.02238
7.27643
3.45658
5.59555
3.79985
2.78299
3.03648
4.84088
0.625184
5.09265
2.42346
6.22985
10.5109
4.85742
3.68067
6.28268
4.52745
6.19555
7.14656
2.87381
4.60712
9.57435
6.68829
3.98175
2.87713
5.46528
4.43977
2.84205
2.96121
0.319541
4.26058
5.80578
6.18683
4.8754
3.51207
2.33714
5.03944
5.64486
5.82752
7.17146
4.76623
4.02016
6.488
5.90508
5.74847
2.84143
5.79874
5.88737
2.93133
6.57705
4.46628
5.80387
2.0838
2.4246
4.89234
3.90962
4.17207
4.40784
3.82855
2.99018
4.6761
4.46616
1.65037
4.53821
8.38846
4.36576
2.64449
5.29702
5.13247
8.95421
6.33421
3.36549
5.06307
1.89014
6.23556
7.38259
9.07357
5.84093
6.35331
2.29857
9.6186
4.5161
4.03504
1.69508
9.66126
5.94972
7.37056
5.53408
4.72389
5.60067
7.61084
9.14212
5.64682
6.80602
7.07248
6.25852
8.43365
0.217463
3.49674
5.69243
3.98524
4.1172
4.89903
5.60818
4.93299
7.36326
6.50738
7.10925
4.31676
3.9402
8.30622
1.7745
2.49738
5.24216
3.14133
4.74848
2.88453
3.70377
2.67127
8.41783
5.74935
5.74347
5.72361
5.91174
4.83355
3.56932
1.95535
6.06542
0.866049
4.04743
2.45467
5.38134
3.12666
6.26279
3.35688
6.16005
4.99534
6.8839
5.61855
7.28805
6.06785
6.90081
6.28104
3.03405
1.887
5.76647
7.39936
5.87372
3.54597
4.49725
6.51803
7.51838
7.755
3.22958
7.28192
4.66102
3.74562
5.95882
6.38004
5.71814
2.21064
3.65373
5.82595
4.26867
6.82371
6.81488
5.71091
3.08908
7.03145
7.37458
6.06344
2.73224
5.74672
1.86214
7.08644
4.28543
4.03849
4.90221
6.29303
6.16241
3.03104
7.34632
4.66865
6.31423
5.40855
6.31516
3.69707
8.77516
5.67328
6.12203
4.9996
2.55852
5.16254
1.99746
8.40401
3.88527
4.88504
2.08837
2.31315
4.88222
8.16045
3.62088
0.464559
3.81679
6.46437
6.46121
7.83332
5.11228
3.77082
2.04908
1.4791
4.63356
1.17751
5.13304
7.6395
6.23078
5.26842
3.57313
2.64352
4.83039
4.26475
4.9621
8.21797
4.60412
3.30483
6.34683
6.77839
6.56327
3.5147
6.7982
6.58772
6.07951
4.52081
6.80425
6.54281
3.05622
1.83324
4.65349
5.83495
5.21223
5.28196
6.86786
5.94689
4.68574
3.09508
2.18192
8.25329
3.05759
5.95939
4.23289
4.30449
5.84333
4.25891
3.78987
6.37319
1.386
3.65333
6.08077
2.56617
6.55237
6.25821
6.04191
2.38685
2.42927
4.50842
4.17863
4.23442
4.59249
3.53697
1.89337
6.26048
5.61272
4.24129
1.87064
7.97223
2.76335
2.80301
2.33047
5.21311
5.73419
4.73502
2.50286
0.276923
1.05711
6.08218
4.41827
6.64828
5.07262
3.38614
7.7407
3.78965
6.26729
5.21147
4.05732
8.04434
4.67119
3.2329
0.89495
7.08013
4.9494
5.02662
3.78824
11.0317
2.59591
4.86949
5.21534
3.88788
5.59908
3.00944
7.97284
5.12917
-0.474045
1.90168
2.34489
7.45318
2.1696
3.92712
6.14393
1.82778
3.01116
1.77617
3.99719
3.49844
5.26304
3.58663
6.25079
7.05126
5.70103
3.51856
3.13484
8.59393
3.04064
4.16282
8.06036
5.66807
6.02698
3.569
5.3882
0.352899
6.97103
7.62517
1.95266
5.52472
4.54359
4.80624
4.82016
5.13387
5.54496
5.34749
4.31672
3.08814
4.09972
3.93192
6.52757
5.12486
6.59283
3.51087
4.49588
3.48307
7.52665
7.28763
3.5028
2.37371
4.6347
2.59902
0.773872
5.36055
5.26804
6.06957
4.61853
6.14259
1.16851
3.16748
1.90244
7.51716
4.94043
4.91843
7.14605
5.55988
1.6731
7.97187
3.7352
7.84887
3.0318
3.87774
5.16736
4.9864
4.72765
3.98183
6.51378
5.3017
7.08531
2.88495
5.34404
4.27044
6.28524
3.63631
2.30868
5.08577
4.76129
4.40859
4.18188
2.2271
5.27621
4.58481
5.57615
5.03732
7.06787
4.38416
2.11828
7.33511
4.35668
4.57212
5.81082
4.19532
4.92877
2.22346
6.33829
3.4973
8.31402
4.7291
5.13879
7.38437
1.28746
6.76818
1.4698
3.26286
6.47041
4.33272
1.99275
4.30762
5.09792
1.91534
8.37475
6.7874
3.69701
4.54481
4.77721
5.54349
5.72729
4.43062
5.96527
3.85079
6.94752
0.203499
3.84544
3.42297
6.56576
4.01512
4.16118
3.09939
7.16044
3.16704
1.25679
6.53424
3.67914
8.39753
5.81036
5.89078
4.38394
4.56041
5.97611
3.04625
4.90937
6.02863
3.56724
7.42059
6.95262
6.21294
3.15536
4.34418
0.116448
6.49668
4.01777
7.73952
6.05408
8.36228
2.8273
3.14831
4.62437
3.61183
5.53954
7.87469
2.45122
4.12942
2.1901
5.88906
2.49376
6.66844
6.06619
3.42985
6.40723
4.66122
2.77488
6.63123
6.3635
3.13208
2.37146
5.55177
4.90222
5.55223
4.13113
4.44248
6.22056
4.96717
2.93236
5.43559
5.24461
6.99014
7.82533
3.27978
4.77667
3.95961
2.87861
2.56971
3.23343
6.02842
2.92619
4.73869
8.1855
2.56986
3.76354
4.3204
5.1558
4.13555
4.93059
5.62746
3.52493
5.18422
4.39328
6.29137
5.39679
3.50056
6.57171
4.68878
4.89771
6.74495
6.18938
7.29338
3.21199
6.57737
6.04561
7.09272
5.17251
4.57957
4.20943
7.03365
3.02136
3.24242
1.81665
4.51619
8.91592
5.08945
4.83232
2.83102
2.90135
3.46391
5.49625
4.93549
5.09793
2.74726
3.72183
3.88074
5.19667
4.8975
6.50928
5.06056
5.68109
4.09668
7.94017
5.33665
9.59796
5.76932
0.150041
7.44572
3.04114
4.3129
4.09583
4.94365
6.90856
5.25491
6.07397
4.76757
1.99155
6.9898
8.00703
4.89542
5.18449
6.06738
3.60667
6.5191
3.04873
6.26813
3.60804
5.89795
2.5295
3.37577
5.87856
6.22943
5.31325
7.34341
6.28575
3.7335
4.2767
2.99451
3.25585
0.533153
3.65812
7.80773
3.85319
6.83263
5.4307
4.4718
5.24274
3.98838
3.09349
4.89838
4.29407
5.93823
5.76891
7.67441
5.57473
7.22771
4.13527
8.78555
4.57478
8.07496
2.89698
5.50231
6.15446
3.98855
6.3958
5.88994
5.16446
6.70108
0.427837
7.16302
6.02631
8.50128
7.4953
2.45804
3.15358
5.66137
2.82086
5.97376
5.02514
8.70618
3.74112
6.5987
7.01096
3.59093
5.29491
0.962534
4.17093
5.22591
1.33383
7.75698
4.98324
4.45057
4.67045
4.59352
5.61542
8.472
5.10975
6.52784
3.2019
3.8765
7.45679
3.32871
4.09939
6.8885
4.30341
4.46318
4.29662
2.26372
5.56823
3.46627
6.67477
4.15614
6.17003
4.18545
2.12143
9.1111
5.49446
5.0658
0.892676
4.09996
3.51138
2.41301
3.80277
6.17527
4.28739
3.57641
2.91317
6.98888
8.53084
7.29602
8.77108
7.25323
3.60701
2.91696
3.80406
5.94792
5.01566
5.21032
7.12836
2.28655
9.74722
2.32213
4.36235
2.5469
3.3734
4.10815
6.37997
2.81355
5.93475
5.4567
8.49779
3.84593
4.10898
3.45183
5.51557
7.0445
3.03771
5.39991
5.16933
2.87381
6.51132
6.43422
6.07383
4.82244
8.54895
5.36633
4.07109
5.06962
5.23745
3.88495
5.58257
6.04552
5.72255
3.41951
2.8682
9.12463
9.01784
4.90452
1.84036
2.85846
3.04585
1.64395
9.9158
3.72418
3.94433
5.22652
6.3578
2.44991
4.89477
9.5401
7.57446
0.983358
5.89707
2.99758
5.51871
4.86865
4.65311
2.84671
7.00385
6.9198
4.717
5.59251
6.22304
2.81078
6.86668
5.37856
4.17158
7.21485
4.21464
4.64219
4.1005
6.85356
5.0244
0.772681
4.31486
3.40846
5.30595
2.2455
5.38946
1.98694
5.74573
7.49938
4.4122
5.39857
4.81712
4.06939
4.603
5.87257
3.96014
8.67381
6.08148
4.71505
6.16531
5.52868
6.27107
6.13576
2.78859
6.69982
2.51121
5.6224
6.33834
6.84697
1.87325
3.01807
3.857
8.62768
4.08612
6.36678
1.60506
7.46149
3.12898
6.07164
5.35624
2.22724
3.26519
4.66544
2.76615
4.05891
6.36723
3.01688
4.16819
4.7491
7.73892
7.62305
4.02261
1.91496
6.01223
7.95065
4.14045
4.87456
2.70814
5.92893
2.80406
8.54313
5.34429
3.64468
8.43391
4.29849
6.76186
7.3463
5.76773
2.15035
6.31247
4.61322
2.20113
5.04882
0.738736
2.94868
5.58032
7.49781
4.91886
4.3546
5.14515
6.68775
7.10501
4.31731
7.24066
4.12344
7.37554
5.23215
4.68469
6.4802
5.58759
3.55526
8.65829
4.98785
7.90013
5.98075
3.18169
4.21626
2.646
4.82653
3.63348
7.76959
6.25005
7.20217
2.82958
2.8975
5.48529
3.67532
5.53905
2.5684
5.28917
6.36984
5.84373
7.20696
4.70769
8.34629
4.49155
7.53478
5.03127
6.48457
6.563
3.17658
4.1386
6.8959
8.52673
3.28026
8.4482
9.33722
0.973843
1.28342
5.20267
1.4874
7.35833
5.20594
6.23574
6.43938
0.706422
3.9083
3.45888
1.06637
5.58576
4.63874
6.32318
8.28938
5.68229
6.7043
4.10846
3.17442
6.39757
4.78784
1.01305
2.03581
4.93226
6.30426
3.64174
3.97579
2.33209
6.66525
6.27951
4.92658
6.92408
8.68888
4.41649
6.08312
6.27213
3.98928
7.25714
3.17234
2.54842
1.2318
6.16617
3.63922
4.27792
4.47344
2.05029
8.31081
3.00895
2.29494
7.38753
6.02083
0.265482
5.33602
1.77722
6.82346
4.15259
8.14374
6.6934
4.67563
0.766267
6.93698
4.99006
5.30186
7.08636
6.5943
2.26608
9.73502
3.50627
-0.314281
7.35783
3.79756
1.77364
2.56806
6.10838
7.25079
3.49208
0.861643
2.46244
4.02628
1.44858
5.22311
3.0816
2.13849
6.38155
2.90757
4.77219
6.78195
4.25066
-0.664193
4.54356
3.43399
4.78282
5.85027
6.05812
6.08289
4.79023
8.34553
1.93256
4.04115
4.82313
6.2525
2.22567
6.82018
5.7575
6.50675
5.50184
6.05945
3.47181
5.07821
8.54812
5.26292
6.42955
8.55704
4.10379
4.57599
1.42243
3.58289
4.34018
5.48744
5.69589
2.39178
4.90611
5.76243
4.22431
2.32844
4.57063
3.76264
3.82766
4.04342
3.98282
5.10957
3.5508
5.62846
3.55911
2.40853
3.85963
6.87626
6.02655
1.55472
4.47496
6.01619
8.26889
4.26172
3.76419
6.64709
5.00454
7.6414
5.04121
3.5471
8.12488
4.23455
5.53425
5.55778
6.72607
2.0356
3.82517
7.7166
2.10339
5.95946
6.21379
-0.844689
3.36541
1.45681
3.62977
6.47287
3.28487
4.07451
2.57446
0.328384
5.62698
8.91467
5.07031
3.5366
5.89202
5.17295
2.84147
5.3052
4.60058
9.95043
4.80308
9.18426
8.248
5.37999
2.76728
5.84557
2.13638
3.32198
4.95867
2.06507
3.42743
4.11248
5.04783
5.65399
7.21892
6.07046
6.63006
4.6376
5.44707
3.34622
9.40486
2.79235
2.70298
5.54098
5.00741
3.94831
4.87903
4.74442
3.72539
10.4039
6.8716
3.51472
6.47121
9.23489
3.28405
5.9956
7.53959
3.47575
2.52111
4.47789
1.31007
4.63842
4.85295
5.21167
7.19353
3.47586
1.83956
5.26725
5.16332
4.59407
4.24022
3.56714
6.91581
4.96172
4.27855
1.85535
6.72702
7.93932
8.61151
2.16674
6.83994
6.49526
4.25921
5.70628
3.17585
7.26546
1.5856
3.56258
4.27892
5.80452
3.4933
4.20257
2.56664
4.87598
6.08338
3.15282
7.39099
2.54471
5.46388
5.48376
7.3587
4.63426
4.39165
6.68505
1.24367
5.75279
6.89449
6.0708
2.98034
5.83992
1.04748
3.49493
9.38985
5.6723
5.68243
8.18478
3.26831
6.05329
5.41225
2.06474
2.12416
6.13227
5.08637
4.49956
7.09342
5.1325
4.47653
2.91508
5.05652
2.81435
3.22828
2.58081
4.88811
6.52742
5.73003
4.41968
4.22294
4.69904
8.14173
2.46804
4.19126
8.12152
1.63249
7.23412
6.28564
7.64966
3.59823
6.35029
0.214332
3.95385
5.82691
4.11249
2.98547
6.46108
7.81683
4.54889
4.94626
4.74529
3.50733
3.51493
5.11806
4.1559
5.84835
6.62855
1.98264
4.39762
5.33752
3.06424
3.61485
3.56534
4.05604
3.62364
7.02058
4.66688
4.41028
6.27958
4.80422
3.88939
2.48289
4.59828
3.87792
8.47879
3.48773
7.55194
3.49649
3.57513
4.68645
6.77446
7.55082
5.81699
0.684093
5.00079
5.59181
5.39108
3.16146
3.27928
4.82195
6.22438
2.25195
4.2656
1.78326
3.71874
1.13472
6.04598
5.33329
6.8509
4.26241
6.17336
5.98899
6.07116
3.65668
0.443604
2.45613
2.23211
9.61696
7.506
6.32953
5.05973
5.84173
6.40905
4.35114
3.4621
5.15998
2.86873
6.68974
4.55243
4.78112
5.3382
4.74446
6.21353
7.99666
2.90777
5.66544
6.66684
8.69645
5.1771
6.48052
6.23666
4.84337
5.34035
9.35457
4.00435
5.45098
3.59281
6.56473
3.95733
6.13584
3.02232
6.4876
6.26613
3.10514
6.66171
6.96375
6.38001
6.54252
8.65564
5.57175
6.01886
3.6912
4.76474
-0.789756
2.97717
6.61888
2.14445
2.48094
3.31781
6.80504
3.88425
5.99035
6.09155
4.49971
2.74042
4.44202
3.34338
4.41099
3.96953
6.51052
5.34425
4.23123
5.5492
1.06862
2.97572
5.7358
7.22548
4.63852
3.74634
6.25958
8.42519
4.05604
1.87479
2.57247
6.10286
4.29241
3.42669
6.94564
9.99815
3.72339
4.15201
7.41165
6.62655
1.67179
4.06127
4.81396
7.04658
4.98561
2.86641
6.30324
4.81326
8.02009
5.51555
5.22936
6.02475
4.96669
3.8114
4.86641
6.96179
4.51574
2.47852
5.8011
7.02404
4.48386
6.85206
3.02036
6.84704
5.81501
5.36623
7.7221
1.0171
2.9024
5.1266
4.72391
6.32885
7.75592
3.0507
4.39247
5.80135
4.50442
2.44856
6.18188
4.76681
8.18591
3.5772
4.30803
4.70812
2.76888
7.97186
3.61307
2.86985
3.1096
6.76969
4.97712
4.63707
6.31857
2.14321
6.74228
6.87331
7.82088
3.0018
4.91557
6.24559
4.17695
6.76575
3.29116
4.02525
5.67319
3.20238
4.56285
7.35482
6.54434
2.73069
6.43649
5.71958
0.871959
1.78534
3.72963
5.07341
2.61814
4.60478
4.72185
3.18331
3.85322
4.36908
6.67819
4.33094
9.46476
4.6375
2.50862
5.39625
7.04616
2.3493
5.69345
4.4223
4.2042
7.63678
7.06527
4.389
2.95871
6.35667
6.49178
7.63449
6.11108
6.04276
5.86435
6.58815
-1.13253
5.42603
6.81792
3.27182
2.2126
6.08981
4.48179
8.6313
5.65592
4.59232
3.20044
4.82218
3.79454
4.89531
4.11073
3.11608
3.89808
0.358251
3.24748
5.34037
5.77618
5.94615
6.30963
0.829264
3.02033
1.09341
3.88413
5.21653
7.05073
7.44949
3.07021
6.1355
3.69269
0.767971
6.62972
5.19369
8.69426
5.74329
4.33518
3.4598
4.34467
8.28825
1.41976
8.33402
4.07119
3.76016
4.4358
8.50294
4.17755
-0.0915941
4.2117
5.06083
10.5461
2.56259
4.21215
3.58606
5.04806
5.74426
5.85371
2.18382
6.94975
5.44331
3.86835
7.22052
1.98518
4.03896
3.87916
5.10653
5.14504
5.38757
7.3093
7.6913
3.05035
7.27549
5.68171
4.80465
3.59888
3.95376
8.25636
6.3133
7.15831
2.41969
4.71236
4.18822
7.63666
6.58319
2.33042
8.11216
8.97337
9.34487
6.24161
4.46052
5.17111
9.40691
5.67623
2.10838
6.56997
6.898
5.70267
3.56871
2.69097
4.17442
3.745
3.62512
5.50783
5.10633
2.20425
3.98578
4.13083
3.59621
3.96107
4.84639
4.41645
6.61299
5.68801
5.42694
7.47295
4.29445
7.20552
4.94621
5.87117
6.6559
6.22237
6.54818
3.01716
1.49825
